"โรงพยาบาล","สัญชาติ (คน)","OPD","IPD","ค่าใช้จ่าย (บาท)"
"เมียนมาร์","กัมพูชา","ลาว","เวียดนาม","อื่นๆ","คน","ครั้ง","คน","ครั้ง","ทั้งหมด","เรียกเก็บได้","ฟรี"
"11468  :  ทัณฑสถานโรงพยาบาลราชทัณฑ์","0","0","0","0","0","0","0","0","0","0.00","0.00","0.00"
"11469  :  โรงพยาบาลเลิดสิน","0","0","0","0","0","0","0","0","0","0.00","0.00","0.00"
"11470  :  โรงพยาบาลนพรัตนราชธานี","0","0","0","0","0","0","0","0","0","0.00","0.00","0.00"
"11471  :  โรงพยาบาลสงฆ์","0","0","0","0","0","0","0","0","0","0.00","0.00","0.00"
"11472  :  โรงพยาบาลราชวิถี","0","0","0","0","0","0","0","0","0","0.00","0.00","0.00"
"11477  :  โรงพยาบาลทหารผ่านศึก","0","0","0","0","0","0","0","0","0","0.00","0.00","0.00"
"11478  :  โรงพยาบาลสมเด็จพระปิ่นเกล้า","0","0","0","0","0","0","0","0","0","0.00","0.00","0.00"
"11481  :  โรงพยาบาลพระมงกุฎเกล้า","0","0","0","0","0","0","0","0","0","0.00","0.00","0.00"
"11482  :  โรงพยาบาลภูมิพลอดุลยเดช","0","0","0","0","0","0","0","0","0","0.00","0.00","0.00"
"11532  :  โรงพยาบาลสวนเบญจกิติเฉลิมพระเกียรติ84พรรษา","0","0","0","0","0","0","0","0","0","0.00","0.00","0.00"
"11534  :  โรงพยาบาลบุรฉัตรไชยากร (รถไฟ)","0","0","0","0","0","0","0","0","0","0.00","0.00","0.00"
"11535  :  คณะแพทย์ศาสตร์วชิรพยาบาล มหาวิทยาลัยกรุงเทพมหานคร","0","0","0","0","0","0","0","0","0","0.00","0.00","0.00"
"11536  :  โรงพยาบาลเวชการุณย์รัศมิ์","0","0","0","0","0","0","0","0","0","0.00","0.00","0.00"
"11537  :  โรงพยาบาลกลาง","0","0","0","0","0","0","0","0","0","0.00","0.00","0.00"
"11538  :  โรงพยาบาลลาดกระบังกรุงเทพมหานคร","0","0","0","0","0","0","0","0","0","0.00","0.00","0.00"
"11539  :  โรงพยาบาลตากสิน","0","0","0","0","0","0","0","0","0","0.00","0.00","0.00"
"11540  :  โรงพยาบาลหลวงพ่อทวีศักดิ์ฯ ชุตินธโร อุทิศ","0","0","0","0","0","0","0","0","0","0.00","0.00","0.00"
"11541  :  โรงพยาบาลเจริญกรุงประชารักษ์","0","0","0","0","0","0","0","0","0","0.00","0.00","0.00"
"11546  :  โรงพยาบาลบี เอ็น เอช","0","0","0","0","0","0","0","0","0","0.00","0.00","0.00"
"11548  :  โรงพยาบาลกรุงเทพคริสเตียน","0","0","0","0","0","0","0","0","0","0.00","0.00","0.00"
"11552  :  โรงพยาบาลมเหสักข์","0","0","0","0","0","0","0","0","0","0.00","0.00","0.00"
"11559  :  สถานพยาบาลชินเขตงามวงศ์วาน","0","0","0","0","0","0","0","0","0","0.00","0.00","0.00"
"11560  :  โรงพยาบาลทั่วไปขนาดใหญ่เปาโล เกษตร","0","0","0","0","0","0","0","0","0","0.00","0.00","0.00"
"11565  :  โรงพยาบาลรามคำแหง","0","0","0","0","0","0","0","0","0","0.00","0.00","0.00"
"11581  :  โรงพยาบาลผู้สูงอายุขนาดกลางกล้วยน้ำไท 2","0","0","0","0","0","0","0","0","0","0.00","0.00","0.00"
"11583  :  โรงพยาบาลกล้วยน้ำไท","0","0","0","0","0","0","0","0","0","0.00","0.00","0.00"
"11592  :  โรงพยาบาลบางนา1","0","0","0","0","0","0","0","0","0","0.00","0.00","0.00"
"11595  :  นวมินทร์โรงพยาบาลทั่วไปขนาดใหญ่","0","0","0","0","0","0","0","0","0","0.00","0.00","0.00"
"11597  :  สถาบันกัลยาณ์ราชนครินทร์","0","0","0","0","0","0","0","0","0","0.00","0.00","0.00"
"11600  :  โรงพยาบาลเซนต์หลุยส์","0","0","0","0","0","0","0","0","0","0.00","0.00","0.00"
"11603  :  โรงพยาบาลเทียนฟ้ามูลนิธิโรงพยาบาลทั่วไปขนาดกลาง","0","0","0","0","0","0","0","0","0","0.00","0.00","0.00"
"11607  :  โรงพยาบาลเปาโลเมโมเรียล","0","0","0","0","0","0","0","0","0","0.00","0.00","0.00"
"11609  :  โรงพยาบาลพญาไท 2","0","0","0","0","0","0","0","0","0","0.00","0.00","0.00"
"11616  :  โรงพยาบาลสมิติเวชธนบุรี","0","0","0","0","0","0","0","0","0","0.00","0.00","0.00"
"11621  :  โรงพยาบาลบางไผ่","0","0","0","0","0","0","0","0","0","0.00","0.00","0.00"
"11626  :  โรงพยาบาลคลองตัน","0","0","0","0","0","0","0","0","0","0.00","0.00","0.00"
"11628  :  โรงพยาบาลพระราม 9","0","0","0","0","0","0","0","0","0","0.00","0.00","0.00"
"11629  :  โรงพยาบาลเพชรเวช","0","0","0","0","0","0","0","0","0","0.00","0.00","0.00"
"11640  :  โรงพยาบาลธนบุรี 2","0","0","0","0","0","0","0","0","0","0.00","0.00","0.00"
"11641  :  โรงพยาบาลทั่วไปขนาดกลางโรงพยาบาลวิชัยเวช แยกไฟฉาย","0","0","0","0","0","0","0","0","0","0.00","0.00","0.00"
"11644  :  โรงพยาบาลเจ้าพระยา","0","0","0","0","0","0","0","0","0","0.00","0.00","0.00"
"11645  :  โรงพยาบาลทั่วไปขนาดใหญ่ธนบุรี","0","0","0","0","0","0","0","0","0","0.00","0.00","0.00"
"11656  :  โรงพยาบาลเกษมราษฎร์ บางแค","0","0","0","0","0","0","0","0","0","0.00","0.00","0.00"
"11661  :  โรงพยาบาลวิชัยเวช อินเตอร์เนชั่นแนล หนองแขม","0","0","0","0","0","0","0","0","0","0.00","0.00","0.00"
"11667  :  โรงพยาบาลประชาพัฒน์","0","0","0","0","0","0","0","0","0","0.00","0.00","0.00"
"11668  :  โรงพยาบาลสุขสวัสดิ์","0","0","0","0","0","0","0","0","0","0.00","0.00","0.00"
"11669  :  โรงพยาบาลราษฏร์บูรณะ","0","0","0","0","0","0","0","0","0","0.00","0.00","0.00"
"11670  :  โรงพยาบาลบางปะกอก 1","0","0","0","0","0","0","0","0","0","0.00","0.00","0.00"
"11676  :  โรงพยาบาลยันฮี","0","0","0","0","0","0","0","0","0","0.00","0.00","0.00"
"11686  :  โรงพยาบาลบางโพ","0","0","0","0","0","0","0","0","0","0.00","0.00","0.00"
"11687  :  โรงพยาบาลเกษมราษฎร์ประชาชื่น","0","0","0","0","0","0","0","0","0","0.00","0.00","0.00"
"11691  :  โรงพยาบาลวิภาวดี","0","0","0","0","0","0","0","0","0","0.00","0.00","0.00"
"11694  :  โรงพยาบาลจักษุรัตนิน","0","0","0","0","0","0","0","0","0","0.00","0.00","0.00"
"11697  :  โรงพยาบาลคามิลเลียน","0","0","0","0","0","0","0","0","0","0.00","0.00","0.00"
"11699  :  โรงพยาบาลบำรุงราษฎร์","0","0","0","0","0","0","0","0","0","0.00","0.00","0.00"
"11703  :  โรงพยาบาลแพทย์ปัญญา","0","0","0","0","0","0","0","0","0","0.00","0.00","0.00"
"11708  :  โรงพยาบาลบางมดโรงพยาบาลทั่วไปขนาดใหญ่","0","0","0","0","0","0","0","0","0","0.00","0.00","0.00"
"11715  :  โรงพยาบาลพญาไท 1","0","0","0","0","0","0","0","0","0","0.00","0.00","0.00"
"11721  :  โรงพยาบาลเปาโลเมโมเรียล โชคชัย 4","0","0","0","0","0","0","0","0","0","0.00","0.00","0.00"
"11729  :  โรงพยาบาลลาดพร้าว","0","0","0","0","0","0","0","0","0","0.00","0.00","0.00"
"11730  :  โรงพยาบาลไทยนครินทร์","0","0","0","0","0","0","0","0","0","0.00","0.00","0.00"
"11750  :  โรงพยาบาลหัวเฉียวโรงพยาบาลทั่วไปขนาดใหญ่","0","0","0","0","0","0","0","0","0","0.00","0.00","0.00"
"11811  :  โรงพยาบาลสมิติเวช","0","0","0","0","0","0","0","0","0","0.00","0.00","0.00"
"12243  :  สถาบันพัฒนาสุขภาวะเขตเมือง","0","0","0","0","0","0","0","0","0","0.00","0.00","0.00"
"12244  :  สถาบันจิตเวชศาสตร์สมเด็จเจ้าพระยา","0","0","0","0","0","0","0","0","0","0.00","0.00","0.00"
"12246  :  สถาบันราชานุกูล","0","0","0","0","0","0","0","0","0","0.00","0.00","0.00"
"12249  :  สถาบันโรคผิวหนัง","0","0","0","0","0","0","0","0","0","0.00","0.00","0.00"
"12250  :  สถาบันมะเร็งแห่งชาติ","0","0","0","0","0","0","0","0","0","0.00","0.00","0.00"
"12438  :  สถาบันสุขภาพเด็กแห่งชาติมหาราชินี","0","0","0","0","0","0","0","0","0","0.00","0.00","0.00"
"12439  :  สถาบันประสาทวิทยา","0","0","0","0","0","0","0","0","0","0.00","0.00","0.00"
"13756  :  โรงพยาบาลจุฬาลงกรณ์สภากาชาดไทย","0","0","0","0","0","0","0","0","0","0.00","0.00","0.00"
"13757  :  โรงพยาบาลเวชศาสตร์เขตร้อน มหาวิทยาลัยมหิดล","0","0","0","0","0","0","0","0","0","0.00","0.00","0.00"
"13814  :  โรงพยาบาลศิริราช","0","0","0","0","0","0","0","0","0","0.00","0.00","0.00"
"14173  :  โรงพยาบาลตำรวจ","0","0","0","0","0","0","0","0","0","0.00","0.00","0.00"
"14572  :  โรงพยาบาลบี.แคร์.เมดิคอลเซ็นเตอร์","0","0","0","0","0","0","0","0","0","0.00","0.00","0.00"
"14574  :  โรงพยาบาลพญาไท 3","0","0","0","0","0","0","0","0","0","0.00","0.00","0.00"
"14577  :  โรงพยาบาลวิภาราม","0","0","0","0","0","0","0","0","0","0.00","0.00","0.00"
"14641  :  โรงพยาบาลราชพิพัฒน์","0","0","0","0","0","0","0","0","0","0.00","0.00","0.00"
"14908  :  โรงพยาบาลการุญเวช สุขาภิบาล3","0","0","0","0","0","0","0","0","0","0.00","0.00","0.00"
"15049  :  โรงพยาบาลสิรินธร","0","0","0","0","0","0","0","0","0","0.00","0.00","0.00"
"15147  :  โรงพยาบาลบางปะกอก 8 โรงพยาบาลทั่วไปขนาดใหญ่","0","0","0","0","0","0","0","0","0","0.00","0.00","0.00"
"21673  :  โรงพยาบาลซีจีเอช สายไหม โรงพยาบาลทั่วไปขนาดใหญ่","0","0","0","0","0","0","0","0","0","0.00","0.00","0.00"
"22155  :  โรงพยาบาลครู","0","0","0","0","0","0","0","0","0","0.00","0.00","0.00"
"22737  :  โรงพยาบาลจุฬาภรณ์","0","0","0","0","0","0","0","0","0","0.00","0.00","0.00"
"23762  :  โรงพยาบาลนวุติสมเด็จย่า","0","0","0","0","0","0","0","0","0","0.00","0.00","0.00"
"23781  :  นวมินทร์ 9โรงพยาบาลทั่วไปขนาดใหญ่","0","0","0","0","0","0","0","0","0","0.00","0.00","0.00"
"23783  :  โรงพยาบาลเสรีรักษ์","0","0","0","0","0","0","0","0","0","0.00","0.00","0.00"
"24085  :  สถาบันวิจัยการแพทย์แผนไทย","0","0","0","0","0","0","0","0","0","0.00","0.00","0.00"
"24748  :  โรงพยาบาลศิริราช ปิยมหาราชการุณย์","0","0","0","0","0","0","0","0","0","0.00","0.00","0.00"
"25015  :  โรงพยาบาลทั่วไปขนาดใหญ่มิตรประชา","0","0","0","0","0","0","0","0","0","0.00","0.00","0.00"
"25060  :  โรงพยาบาลผู้สูงอายุบางขุนเทียน","0","0","0","0","0","0","0","0","0","0.00","0.00","0.00"
"41329  :  โรงพยาบาลเฉพาะประเภทผู้ป่วยสูงอายุ เฌ้อสเซอรี่โฮมขนาดเล็ก","0","0","0","0","0","0","0","0","0","0.00","0.00","0.00"
"41414  :  โรงพยาบาลทหารอากาศ (สีกัน)","0","0","0","0","0","0","0","0","0","0.00","0.00","0.00"
"77665  :  โรงพยาบาลการแพทย์แผนไทยและการแพทย์ผสมผสาน","0","0","0","0","0","0","0","0","0","0.00","0.00","0.00"
"10685  :  โรงพยาบาลสมุทรปราการ","7,804","6,528","1,227","64","2,300","17,882","48,347","5,322","5,701","169,746,226.15","40,175,821.50","129,570,404.65"
"10752  :  โรงพยาบาลบางบ่อ","3,469","2,201","444","14","303","6,421","12,115","758","808","11,599,585.00","8,623,668.00","2,975,917.00"
"10753  :  โรงพยาบาลบางพลี","6,384","3,929","701","27","832","11,865","27,544","2,271","2,458","37,019,751.80","20,028,752.00","16,990,999.80"
"10754  :  โรงพยาบาลบางจาก","5,038","2,553","489","2","330","8,412","13,514","380","407","15,703,724.00","3,561,731.00","12,141,993.00"
"10755  :  โรงพยาบาลพระสมุทรเจดีย์สวาทยานนท์","2,509","3,162","382","1","132","6,185","11,998","297","312","10,756,453.00","3,701,529.00","7,054,924.00"
"11769  :  โรงพยาบาลเซ็นทรัลปาร์ค","0","0","0","0","0","0","0","0","0","0.00","0.00","0.00"
"11775  :  โรงพยาบาลเมืองสมุทรปู่เจ้าสมิงพราย","0","0","0","0","0","0","0","0","0","0.00","0.00","0.00"
"12251  :  โรงพยาบาลยุวประสาทไวทโยปถัมภ์","0","0","0","0","0","0","0","0","0","0.00","0.00","0.00"
"15138  :  โรงพยาบาลเมืองสมุทรบางปูโรงพยาบาลทั่วไปขนาดเล็ก","0","0","0","0","0","0","0","0","0","0.00","0.00","0.00"
"28785  :  โรงพยาบาลบางเสาธง","102","96","15","1","22","236","395","0","0","130,407.00","31,551.00","98,856.00"
"10686  :  โรงพยาบาลพระนั่งเกล้า","4,981","2,550","1,564","241","529","9,853","26,407","2,399","2,580","40,529,146.93","17,464,613.10","23,064,533.83"
"10756  :  โรงพยาบาลบางกรวย","1,812","1,556","510","17","116","4,007","8,761","251","279","7,949,867.00","4,543,111.00","3,406,756.00"
"10757  :  โรงพยาบาลบางใหญ่","3,264","2,195","1,105","97","542","7,198","14,538","384","404","11,789,330.00","7,749,446.00","4,039,884.00"
"10758  :  โรงพยาบาลบางบัวทอง","2,832","1,123","644","39","154","4,789","8,600","317","342","7,205,933.00","4,014,452.00","3,191,481.00"
"10759  :  โรงพยาบาลไทรน้อย","1,211","347","114","0","150","1,812","4,162","211","218","2,736,576.00","1,540,553.00","1,196,023.00"
"10760  :  โรงพยาบาลปากเกร็ด","565","353","259","8","69","1,253","4,681","457","477","5,336,667.00","3,546,155.00","1,790,512.00"
"11781  :  โรงพยาบาลนนทเวช","0","0","0","0","0","0","0","0","0","0.00","0.00","0.00"
"11786  :  โรงพยาบาลอนันต์พัฒนา 2","0","0","0","0","0","0","0","0","0","0.00","0.00","0.00"
"11787  :  โรงพยาบาลเกษมราษฎร์อินเตอร์เนชั่นแนล รัตนาธิเบศร์โรงพยาบาลทั่วไปขนาดใหญ่","0","0","0","0","0","0","0","0","0","0.00","0.00","0.00"
"12256  :  สถาบันโรคทรวงอก","0","0","0","0","0","0","0","0","0","0.00","0.00","0.00"
"12257  :  สถาบันบำราศนราดูร","0","0","0","0","0","0","0","0","0","0.00","0.00","0.00"
"12258  :  สถาบันสิรินธรเพื่อการฟื้นฟูสมรรถภาพทางการแพทย์แห่งชาติ","0","0","0","0","0","0","0","0","0","0.00","0.00","0.00"
"12260  :  โรงพยาบาลศรีธัญญา","0","0","0","0","0","0","0","0","0","0.00","0.00","0.00"
"13815  :  ศูนย์การแพทย์ปัญญานันทภิกขุ ชลประทาน มหาวิทยาลัยศรีนครินทรวิโรฒ","0","0","0","0","0","0","0","0","0","0.00","0.00","0.00"
"22127  :  โรงพยาบาลชลลดา","0","0","0","0","0","0","0","0","0","0.00","0.00","0.00"
"28875  :  โรงพยาบาลบางบัวทอง ๒","213","176","68","1","41","499","866","10","10","402,644.75","350,703.00","51,941.75"
"10687  :  โรงพยาบาลปทุมธานี","5,589","3,461","1,064","24","258","10,391","24,211","2,135","2,274","38,813,786.00","15,040,348.50","23,773,437.50"
"10761  :  โรงพยาบาลคลองหลวง","1,240","3,071","307","3","40","4,630","7,734","167","174","4,575,490.00","857,824.00","3,717,666.00"
"10762  :  โรงพยาบาลธัญบุรี","892","1,362","291","11","1,590","4,146","9,256","180","208","4,022,805.00","1,584,863.00","2,437,942.00"
"10763  :  โรงพยาบาลประชาธิปัตย์","358","501","112","2","77","1,049","2,406","66","75","1,123,520.00","227,124.00","896,396.00"
"10764  :  โรงพยาบาลหนองเสือ","317","938","387","0","98","1,739","3,403","76","82","2,049,826.50","536,027.00","1,513,799.50"
"10765  :  โรงพยาบาลลาดหลุมแก้ว","1,517","522","159","0","39","2,237","3,782","82","84","1,902,990.00","1,285,574.00","617,416.00"
"10766  :  โรงพยาบาลลำลูกกา","3,922","4,245","1,477","8","174","9,808","15,151","227","237","6,402,163.00","3,673,166.00","2,728,997.00"
"10767  :  โรงพยาบาลสามโคก","832","609","110","2","65","1,616","2,871","98","103","1,822,685.44","453,245.75","1,369,439.69"
"12262  :  สถาบันบำบัดรักษาและฟื้นฟูผู้ติดยาเสพติดแห่งชาติบรมราชชนนี","0","0","0","0","0","0","0","0","0","0.00","0.00","0.00"
"14923  :  โรงพยาบาลมหาวชิราลงกรณ ธัญบุรี","0","0","0","0","0","0","0","0","0","0.00","0.00","0.00"
"10660  :  โรงพยาบาลพระนครศรีอยุธยา","2,793","2,627","826","54","710","7,001","16,604","938","1,027","42,097,148.59","18,379,186.09","23,717,962.50"
"10688  :  โรงพยาบาลเสนา","1,171","583","332","0","164","2,243","4,894","191","211","4,140,301.25","1,216,558.00","2,923,743.25"
"10768  :  โรงพยาบาลท่าเรือ","247","264","166","19","58","753","1,854","33","37","1,111,997.00","683,308.00","428,689.00"
"10769  :  โรงพยาบาลสมเด็จพระสังฆราชเจ้า กรมหลวงชินวราลงกรณ (วาสนมหาเถร)","342","1,308","99","0","38","1,786","3,372","98","104","3,784,014.00","2,156,067.00","1,627,947.00"
"10770  :  โรงพยาบาลบางไทร","1,074","0","70","0","1,544","2,688","4,041","64","71","1,987,084.52","1,300,865.00","686,219.52"
"10771  :  โรงพยาบาลบางบาล","36","39","30","0","45","150","398","10","10","155,545.00","71,560.00","83,985.00"
"10772  :  โรงพยาบาลบางปะอิน","2,617","3,336","736","11","90","6,784","14,301","325","368","9,351,743.00","7,785,878.00","1,565,865.00"
"10773  :  โรงพยาบาลบางปะหัน","642","548","185","0","39","1,414","2,454","33","36","2,136,747.00","1,511,089.00","625,658.00"
"10774  :  โรงพยาบาลผักไห่","113","53","28","0","19","213","444","5","5","232,512.00","29,743.00","202,769.00"
"10775  :  โรงพยาบาลภาชี","427","258","39","4","111","839","1,839","39","41","1,099,420.00","427,906.00","671,514.00"
"10776  :  โรงพยาบาลลาดบัวหลวง","1,570","279","254","0","77","2,179","4,592","93","96","3,356,808.00","2,719,768.00","637,040.00"
"10777  :  โรงพยาบาลวังน้อย","2,889","1,811","593","24","133","5,449","9,169","171","182","5,160,541.00","3,494,910.00","1,665,631.00"
"10778  :  โรงพยาบาลบางซ้าย","19","22","7","0","5","53","142","1","1","41,994.00","24,939.00","17,055.00"
"10779  :  โรงพยาบาลอุทัย","1,607","1,277","303","13","104","3,304","5,001","76","78","3,527,286.00","3,154,596.00","372,690.00"
"10780  :  โรงพยาบาลมหาราช","10","14","9","0","8","41","56","2","2","26,891.00","6,102.00","20,789.00"
"10781  :  โรงพยาบาลบ้านแพรก","13","2","0","0","10","25","67","2","4","23,628.00","17,082.00","6,546.00"
"10689  :  โรงพยาบาลอ่างทอง","485","417","96","6","123","1,110","2,953","241","278","6,813,735.16","2,742,413.70","4,071,321.46"
"10782  :  โรงพยาบาลไชโย","111","49","13","0","30","203","447","11","14","188,624.00","19,128.00","169,496.00"
"10784  :  โรงพยาบาลป่าโมก","187","104","23","0","111","424","1,079","40","45","619,840.10","261,819.00","358,021.10"
"10785  :  โรงพยาบาลโพธิ์ทอง","148","25","19","0","119","311","884","34","44","585,446.95","198,611.00","386,835.95"
"10786  :  โรงพยาบาลแสวงหา","59","4","2","0","5","70","247","8","8","109,790.00","20,505.00","89,285.00"
"10787  :  โรงพยาบาลวิเศษชัยชาญ","200","18","38","1","21","278","699","31","32","481,468.00","180,113.00","301,355.00"
"10788  :  โรงพยาบาลสามโก้","16","10","4","1","16","47","127","3","3","45,562.00","24,161.00","21,401.00"
"10690  :  โรงพยาบาลพระนารายณ์มหาราช","1,701","1,140","244","9","393","3,485","7,960","438","493","10,045,062.00","4,351,052.75","5,694,009.25"
"10691  :  โรงพยาบาลบ้านหมี่","300","187","75","0","83","645","1,332","106","123","2,193,203.10","954,040.00","1,239,163.10"
"10789  :  โรงพยาบาลพัฒนานิคม","170","620","58","4","14","860","2,469","49","50","3,082,048.30","678,207.00","2,403,841.30"
"10790  :  โรงพยาบาลโคกสำโรง","259","53","14","0","131","457","1,063","34","38","806,340.00","360,411.00","445,929.00"
"10791  :  โรงพยาบาลชัยบาดาล","2,523","602","116","4","59","3,303","6,922","257","272","6,834,459.08","2,209,734.75","4,624,724.33"
"10792  :  โรงพยาบาลท่าวุ้ง","260","25","15","0","19","319","573","20","23","360,654.00","112,793.00","247,861.00"
"10793  :  โรงพยาบาลท่าหลวง","127","133","62","1","16","339","726","19","20","429,067.00","244,758.00","184,309.00"
"10794  :  โรงพยาบาลสระโบสถ์","12","5","6","0","3","26","54","2","3","46,310.00","3,849.00","42,461.00"
"10795  :  โรงพยาบาลโคกเจริญ","32","58","15","0","24","129","250","10","13","149,704.50","65,874.00","83,830.50"
"10796  :  โรงพยาบาลลำสนธิ","4","14","46","0","7","71","258","2","4","186,391.00","151,107.00","35,284.00"
"10797  :  โรงพยาบาลหนองม่วง","398","278","209","2","24","911","1,632","42","49","1,164,195.00","585,573.00","578,622.00"
"14199  :  โรงพยาบาลมะเร็งลพบุรี","0","0","0","0","0","0","0","0","0","0.00","0.00","0.00"
"14928  :  โรงพยาบาลกองบิน 2","0","0","0","0","0","0","0","0","0","0.00","0.00","0.00"
"10692  :  โรงพยาบาลสิงห์บุรี","635","216","119","1","276","1,245","2,781","156","169","3,750,033.00","1,464,102.00","2,285,931.00"
"10693  :  โรงพยาบาลอินทร์บุรี","244","105","19","0","103","471","1,052","47","53","713,849.75","250,085.00","463,764.75"
"10798  :  โรงพยาบาลบางระจัน","186","89","42","0","18","334","694","12","13","384,185.00","28,729.00","355,456.00"
"10799  :  โรงพยาบาลค่ายบางระจัน","209","72","25","0","9","315","522","7","10","246,479.25","178,263.00","68,216.25"
"10800  :  โรงพยาบาลพรหมบุรี","390","234","35","0","6","665","1,480","23","25","693,480.00","492,993.00","200,487.00"
"10801  :  โรงพยาบาลท่าช้าง","33","11","3","0","26","73","269","1","1","68,715.00","35,501.00","33,214.00"
"10694  :  โรงพยาบาลชัยนาทนเรนทร","373","254","64","2","252","908","2,109","166","196","3,803,804.30","1,298,630.75","2,505,173.55"
"10802  :  โรงพยาบาลมโนรมย์","246","112","18","0","84","459","1,207","20","22","511,161.25","25,645.00","485,516.25"
"10803  :  โรงพยาบาลวัดสิงห์","46","7","5","0","14","72","169","1","2","159,561.00","14,578.00","144,983.00"
"10804  :  โรงพยาบาลสรรพยา","17","18","4","0","21","60","235","6","7","119,069.25","0.00","119,069.25"
"10805  :  โรงพยาบาลสรรคบุรี","121","39","12","1","68","236","626","23","25","388,656.00","67,919.00","320,737.00"
"10806  :  โรงพยาบาลหันคา","357","19","29","0","66","471","912","13","16","545,650.00","39,172.00","506,478.00"
"27974  :  โรงพยาบาลหนองมะโมง","0","2","2","0","7","11","46","0","0","18,676.25","4,305.00","14,371.25"
"27975  :  โรงพยาบาลเนินขาม","3","2","2","0","9","16","24","0","0","9,015.00","1,812.00","7,203.00"
"10661  :  โรงพยาบาลสระบุรี","3,387","2,745","991","19","1,101","8,238","16,617","1,083","1,208","37,208,783.65","0.00","37,208,783.65"
"10695  :  โรงพยาบาลพระพุทธบาท","481","642","192","0","199","1,514","4,399","187","201","4,897,872.00","1,831,982.00","3,065,890.00"
"10807  :  โรงพยาบาลแก่งคอย","409","1,103","154","0","39","1,700","10,655","95","224","6,417,539.00","4,928,118.00","1,489,421.00"
"10808  :  โรงพยาบาลหนองแค","615","203","96","0","13","926","2,435","97","107","1,326,047.00","55,320.00","1,270,727.00"
"10809  :  โรงพยาบาลวิหารแดง","1,302","394","249","6","55","2,002","4,977","80","87","2,646,276.00","1,886,542.00","759,734.00"
"10810  :  โรงพยาบาลหนองแซง","165","52","218","0","19","453","740","11","12","243,696.00","60,690.00","183,006.00"
"10811  :  โรงพยาบาลบ้านหมอ","55","27","11","0","49","142","563","7","7","343,737.00","170,207.00","173,530.00"
"10812  :  โรงพยาบาลดอนพุด","30","34","8","1","22","95","269","2","2","82,465.00","9,391.00","73,074.00"
"10813  :  โรงพยาบาลหนองโดน","181","552","57","0","89","879","1,709","21","22","539,780.75","134,126.00","405,654.75"
"10814  :  โรงพยาบาลเสาไห้เฉลิมพระเกียรติ80พรรษา","540","430","112","0","587","1,663","3,217","66","69","2,189,044.00","1,581,378.00","607,666.00"
"10815  :  โรงพยาบาลมวกเหล็ก","503","2,385","562","9","305","3,764","6,710","135","143","8,533,661.00","5,677,928.00","2,855,733.00"
"10816  :  โรงพยาบาลวังม่วงสัทธรรม","189","2,565","318","0","69","3,141","6,365","125","132","2,495,330.00","2,058,504.00","436,826.00"
"11485  :  โรงพยาบาลค่ายอดิศร","0","0","0","0","0","0","0","0","0","0.00","0.00","0.00"
"10662  :  โรงพยาบาลชลบุรี","4,226","5,920","2,914","26","935","13,927","34,600","2,410","2,633","76,174,497.75","29,197,204.50","46,977,293.25"
"10817  :  โรงพยาบาลบ้านบึง","7,166","7,534","1,183","3","905","16,775","31,524","1,484","1,661","22,202,852.75","14,172,327.00","8,030,525.75"
"10818  :  โรงพยาบาลหนองใหญ่","939","5,377","288","0","419","7,022","14,985","476","509","6,905,862.00","4,207,684.00","2,698,178.00"
"10819  :  โรงพยาบาลบางละมุง","6,109","11,712","1,400","59","4,406","23,673","48,396","2,624","2,863","40,075,450.30","31,880,644.00","8,194,806.30"
"10820  :  โรงพยาบาลวัดญาณสังวราราม","1,406","2,924","296","7","636","5,269","9,013","213","219","3,250,745.00","2,197,689.00","1,053,056.00"
"10821  :  โรงพยาบาลพานทอง","1,525","4,242","709","18","198","6,688","14,930","533","560","8,190,340.00","5,801,241.00","2,389,099.00"
"10822  :  โรงพยาบาลพนัสนิคม","2,193","3,830","914","11","352","7,299","15,327","711","767","13,604,566.00","7,055,469.00","6,549,097.00"
"10823  :  โรงพยาบาลแหลมฉบัง","2,836","8,841","1,073","15","1,280","14,044","25,120","1,232","1,275","26,118,324.75","15,550,389.50","10,567,935.25"
"10824  :  โรงพยาบาลเกาะสีชัง","53","156","47","1","136","393","740","15","15","553,467.00","337,292.00","216,175.00"
"10825  :  โรงพยาบาลสัตหีบกม10","129","2,693","221","1","18,475","21,396","38,792","557","644","25,769,333.79","5,291,164.61","20,478,169.18"
"10826  :  โรงพยาบาลบ่อทอง","1,808","3,609","326","0","539","6,282","16,310","619","684","10,045,682.00","4,877,684.00","5,167,998.00"
"11486  :  โรงพยาบาลค่ายนวมินทราชินี","0","0","0","0","0","0","0","0","0","0.00","0.00","0.00"
"11487  :  โรงพยาบาลอาภากรเกียรติวงศ์","0","0","0","0","0","0","0","0","0","0.00","0.00","0.00"
"13754  :  โรงพยาบาลสมเด็จพระบรมราชเทวี ณ ศรีราชา","0","0","0","0","0","0","0","0","0","0.00","0.00","0.00"
"13758  :  โรงพยาบาลสมเด็จพระนางเจ้าสิริกิติ์","0","0","0","0","0","0","0","0","0","0.00","0.00","0.00"
"13760  :  โรงพยาบาลมะเร็งชลบุรี","0","0","0","0","0","0","0","0","0","0.00","0.00","0.00"
"13766  :  โรงพยาบาลมหาวิทยาลัยบูรพา","0","0","0","0","0","0","0","0","0","0.00","0.00","0.00"
"28005  :  โรงพยาบาลเมืองพัทยา","0","0","0","0","0","0","0","0","0","0.00","0.00","0.00"
"28006  :  โรงพยาบาลเกาะจันทร์","1,097","1,237","181","4","61","2,580","5,137","48","51","2,239,300.25","1,147,203.00","1,092,097.25"
"10663  :  โรงพยาบาลระยอง","3,294","8,283","985","22","7,698","19,950","41,744","3,045","3,353","63,194,841.74","44,692,814.98","18,502,026.76"
"10827  :  โรงพยาบาลเฉลิมพระเกียรติสมเด็จพระเทพรัตนราชสุดาฯ สยามบรมราชกุมารี ระยอง","1,452","2,013","406","2","852","4,719","9,285","584","657","11,915,373.00","5,058,394.00","6,856,979.00"
"10828  :  โรงพยาบาลบ้านฉาง","462","1,096","158","5","178","1,896","4,779","186","210","2,045,922.96","979,668.19","1,066,254.77"
"10829  :  โรงพยาบาลแกลง","1,581","7,256","820","2","237","9,875","22,191","1,822","1,981","22,072,686.56","4,872,031.00","17,200,655.56"
"10830  :  โรงพยาบาลวังจันทร์","425","1,997","367","2","183","2,972","7,272","304","339","3,987,855.50","1,959,486.00","2,028,369.50"
"10831  :  โรงพยาบาลบ้านค่าย","531","1,192","275","1","106","2,092","6,384","226","251","3,698,399.25","1,617,889.00","2,080,510.25"
"10832  :  โรงพยาบาลปลวกแดง","584","2,881","98","1","92","3,656","8,856","418","463","3,610,332.85","1,196,862.95","2,413,469.90"
"22734  :  โรงพยาบาลเขาชะเมา เฉลิมพระเกียรติ 80 พรรษา","322","778","249","0","18","1,366","3,303","79","83","2,142,802.00","1,531,766.00","611,036.00"
"23962  :  โรงพยาบาลนิคมพัฒนา","887","2,859","217","3","877","4,835","10,021","223","230","4,569,201.00","2,603,603.00","1,965,598.00"
"10664  :  โรงพยาบาลพระปกเกล้า","138","12,988","1,350","8","561","15,030","31,290","1,564","1,721","100,066,175.84","89,713,979.07","10,352,196.77"
"10834  :  โรงพยาบาลขลุง","260","5,332","549","2","293","6,436","11,292","161","178","14,676,450.00","13,754,109.00","922,341.00"
"10835  :  โรงพยาบาลท่าใหม่","143","1,503","558","2","838","3,044","5,236","79","89","5,653,727.00","5,071,756.00","581,971.00"
"10836  :  โรงพยาบาลเขาสุกิม","10","51","151","0","6","10","26","212","224","955,914.00","515,172.00","440,742.00"
"10837  :  โรงพยาบาลสองพี่น้อง","95","1,828","1,099","1","26","3,049","5,818","40","42","6,902,998.00","5,593,850.00","1,309,148.00"
"10838  :  โรงพยาบาลโป่งน้ำร้อน","73","7,793","98","2","571","8,535","14,148","372","405","14,897,226.00","12,871,479.00","2,025,747.00"
"10839  :  โรงพยาบาลมะขาม","505","6,292","1,009","2","29","7,837","20,872","179","195","16,957,136.00","15,417,795.00","1,539,341.00"
"10840  :  โรงพยาบาลแหลมสิงห์","237","3,229","544","2","39","4,051","6,169","104","112","10,369,233.00","9,912,644.00","456,589.00"
"10841  :  โรงพยาบาลสอยดาว","88","7,159","105","2","289","7,634","11,580","240","254","14,721,582.00","13,461,383.00","1,260,199.00"
"10842  :  โรงพยาบาลแก่งหางแมว","716","2,333","1,006","0","68","4,122","8,214","222","242","10,679,751.00","9,424,482.00","1,255,269.00"
"10843  :  โรงพยาบาลนายายอาม","136","2,752","1,007","0","170","4,062","7,044","159","199","10,540,081.00","7,490,232.00","3,049,849.00"
"10844  :  โรงพยาบาลเขาคิชฌกูฏ","199","4,075","1,969","0","470","6,713","12,442","157","167","14,771,840.00","12,940,806.00","1,831,034.00"
"10696  :  โรงพยาบาลตราด","3,104","11,427","139","37","1,957","16,620","39,100","2,635","2,960","82,071,620.15","46,621,890.24","35,449,729.91"
"10845  :  โรงพยาบาลคลองใหญ่","142","10,112","14","5","65","10,331","26,140","456","515","29,293,422.00","18,125,775.00","11,167,647.00"
"10846  :  โรงพยาบาลเขาสมิง","1,128","5,221","186","0","29","6,557","14,053","225","237","20,142,267.00","14,876,154.00","5,266,113.00"
"10847  :  โรงพยาบาลบ่อไร่","1,652","4,635","73","0","515","6,875","13,283","297","343","15,676,838.00","12,433,086.00","3,243,752.00"
"10848  :  โรงพยาบาลแหลมงอบ","519","3,490","18","0","122","4,148","6,976","100","108","11,803,070.00","8,752,140.00","3,050,930.00"
"10849  :  โรงพยาบาลเกาะกูด","74","569","4","0","1,279","1,918","4,327","29","29","3,209,968.00","2,134,759.00","1,075,209.00"
"13816  :  โรงพยาบาลเกาะช้าง","164","4,076","28","0","1,168","5,435","10,735","298","333","12,337,626.00","8,039,577.00","4,298,049.00"
"10697  :  โรงพยาบาลพุทธโสธร","3,035","3,808","808","19","514","8,094","16,101","1,580","1,677","23,647,660.11","11,628,564.00","12,019,096.11"
"10833  :  โรงพยาบาลท่าตะเกียบ","498","543","120","1","467","1,626","3,842","170","184","1,894,047.00","1,114,240.00","779,807.00"
"10850  :  โรงพยาบาลบางคล้า","2,199","3,986","884","2","131","7,198","10,358","183","199","7,587,891.25","3,837,655.00","3,750,236.25"
"10851  :  โรงพยาบาลบางน้ำเปรี้ยว","1,112","447","123","6","65","1,753","3,670","168","181","2,199,161.00","1,428,344.00","770,817.00"
"10852  :  โรงพยาบาลบางปะกง","1,804","2,740","632","2","86","5,261","9,637","554","595","7,728,291.50","6,492,492.00","1,235,799.50"
"10853  :  โรงพยาบาลบ้านโพธิ์","908","1,268","306","0","115","2,597","5,122","203","211","3,254,019.80","1,827,112.00","1,426,907.80"
"10854  :  โรงพยาบาลพนมสารคาม","806","2,266","240","1","306","3,618","7,921","469","512","6,489,779.60","3,845,602.00","2,644,177.60"
"10855  :  โรงพยาบาลสนามชัยเขต","969","1,382","224","1","482","3,053","5,485","457","503","7,082,343.75","3,661,294.00","3,421,049.75"
"10856  :  โรงพยาบาลแปลงยาว","764","795","184","0","130","1,871","4,935","175","191","2,541,791.50","1,329,754.00","1,212,037.50"
"13747  :  โรงพยาบาลราชสาส์น","43","113","20","0","2","178","425","2","3","180,000.00","95,224.00","84,776.00"
"31327  :  โรงพยาบาลคลองเขื่อน","11","148","10","0","19","188","407","9","9","114,561.00","80,862.00","33,699.00"
"10665  :  โรงพยาบาลเจ้าพระยาอภัยภูเบศร","587","2,844","393","3","182","4,007","7,631","530","579","13,673,136.70","5,500,758.40","8,172,378.30"
"10857  :  โรงพยาบาลกบินทร์บุรี","321","2,210","261","0","126","2,901","6,370","254","278","5,834,750.42","1,775,729.00","4,059,021.42"
"10858  :  โรงพยาบาลนาดี","432","1,543","431","0","25","2,408","3,769","67","73","3,323,912.00","1,576,980.00","1,746,932.00"
"10859  :  โรงพยาบาลบ้านสร้าง","333","1,049","114","0","16","1,511","3,223","46","47","1,746,529.00","1,370,361.00","376,168.00"
"10860  :  โรงพยาบาลประจันตคาม","15","291","67","0","21","383","769","30","32","357,628.00","191,184.00","166,444.00"
"10861  :  โรงพยาบาลศรีมหาโพธิ","553","2,481","210","4","63","3,311","5,637","117","126","3,245,229.00","2,554,572.00","690,657.00"
"10862  :  โรงพยาบาลศรีมโหสถ","153","842","39","1","41","1,075","2,259","34","35","1,325,724.00","620,585.00","705,139.00"
"11490  :  โรงพยาบาลค่ายจักรพงษ์","0","0","0","0","0","0","0","0","0","0.00","0.00","0.00"
"10698  :  โรงพยาบาลนครนายก","1,513","1,687","394","3","517","4,107","7,960","450","488","12,785,311.34","4,642,057.00","8,143,254.34"
"10863  :  โรงพยาบาลปากพลี","26","40","15","1","139","221","541","8","8","217,462.00","124,012.00","93,450.00"
"10864  :  โรงพยาบาลบ้านนา","2,314","1,212","320","9","155","3,982","8,456","199","216","2,962,176.00","1,349,778.00","1,612,398.00"
"10865  :  โรงพยาบาลองครักษ์","3,642","2,499","440","2","105","6,688","9,597","161","171","7,401,650.00","4,487,335.00","2,914,315.00"
"11491  :  โรงพยาบาลรร.นายร้อยพระจุลจอมเกล้า","0","0","0","0","0","0","0","0","0","0.00","0.00","0.00"
"14904  :  โรงพยาบาลศูนย์การแพทย์สมเด็จพระเทพรัตนราชสุดาฯ","0","0","0","0","0","0","0","0","0","0.00","0.00","0.00"
"10699  :  โรงพยาบาลสมเด็จพระยุพราชสระแก้ว","113","6,587","105","7","300","7,102","14,168","890","948","30,516,704.00","20,274,088.00","10,242,616.00"
"10866  :  โรงพยาบาลคลองหาด","10","5,928","25","0","56","6,015","10,041","233","243","6,844,733.00","6,112,540.00","732,193.00"
"10867  :  โรงพยาบาลตาพระยา","6","4,105","18","0","119","4,235","8,451","164","179","5,924,919.18","5,037,563.85","887,355.33"
"10868  :  โรงพยาบาลวังน้ำเย็น","72","5,671","166","2","168","6,052","10,018","207","219","8,636,564.75","8,104,718.75","531,846.00"
"10869  :  โรงพยาบาลวัฒนานคร","87","6,534","30","1","79","6,721","12,337","247","265","9,638,845.91","8,071,087.30","1,567,758.61"
"10870  :  โรงพยาบาลอรัญประเทศ","39","13,454","54","32","335","13,878","23,910","1,062","1,136","31,285,340.00","25,982,215.00","5,303,125.00"
"13817  :  โรงพยาบาลเขาฉกรรจ์","60","2,465","50","1","85","2,650","5,098","121","130","3,591,592.00","2,680,694.00","910,898.00"
"14717  :  โรงพยาบาลจิตเวชสระแก้วราชนครินทร์","0","0","0","0","0","0","0","0","0","0.00","0.00","0.00"
"10666  :  โรงพยาบาลมหาราชนครราชสีมา","426","656","267","17","580","1,939","4,921","633","739","45,742,248.47","20,051,798.04","25,690,450.43"
"10871  :  โรงพยาบาลครบุรี","35","1,867","66","0","204","2,171","4,422","156","180","6,875,430.45","5,521,461.00","1,353,969.45"
"10872  :  โรงพยาบาลเสิงสาง","21","1,112","204","0","110","1,446","2,873","75","85","1,455,328.30","982,810.00","472,518.30"
"10873  :  โรงพยาบาลคง","55","21","17","0","95","188","600","22","26","641,408.00","360,152.00","281,256.00"
"10874  :  โรงพยาบาลบ้านเหลื่อม","2","4","14","0","31","51","232","8","11","160,236.00","130,023.00","30,213.00"
"10875  :  โรงพยาบาลจักราช","17","37","16","0","46","116","274","11","13","182,344.00","61,898.00","120,446.00"
"10876  :  โรงพยาบาลโชคชัย","61","1,494","48","0","7","1,607","4,432","228","241","3,833,389.00","1,182,899.00","2,650,490.00"
"10877  :  โรงพยาบาลด่านขุนทด","64","83","145","1","108","401","867","16","20","862,045.00","530,186.00","331,859.00"
"10878  :  โรงพยาบาลโนนไทย","41","65","24","0","44","174","454","18","20","309,463.82","237,038.00","72,425.82"
"10879  :  โรงพยาบาลโนนสูง","82","67","54","1","71","274","505","12","13","259,946.00","184,319.00","75,627.00"
"10880  :  โรงพยาบาลขามสะแกแสง","31","12","19","0","48","110","417","11","12","220,430.00","169,544.00","50,886.00"
"10881  :  โรงพยาบาลบัวใหญ่","99","77","102","2","218","494","1,053","67","79","1,342,400.00","438,633.00","903,767.00"
"10882  :  โรงพยาบาลประทาย","38","10","25","1","47","120","368","14","15","330,218.00","231,147.00","99,071.00"
"10883  :  โรงพยาบาลปักธงชัย","177","496","161","1","89","924","1,702","53","61","964,203.00","570,501.00","393,702.00"
"10884  :  โรงพยาบาลพิมาย","19","34","65","0","67","184","443","29","35","524,258.00","269,362.00","254,896.00"
"10885  :  โรงพยาบาลห้วยแถลง","15","12","42","3","92","164","512","14","14","253,817.00","69,172.00","184,645.00"
"10886  :  โรงพยาบาลชุมพวง","7","5","48","0","78","138","399","14","18","222,247.00","133,939.00","88,308.00"
"10887  :  โรงพยาบาลสูงเนิน","2,572","497","171","1","41","3,270","10,116","188","214","6,345,024.00","4,406,353.00","1,938,671.00"
"10888  :  โรงพยาบาลขามทะเลสอ","746","495","55","0","34","1,330","2,279","26","27","1,454,400.00","247,307.00","1,207,093.00"
"10889  :  โรงพยาบาลสีคิ้ว","337","751","637","6","245","1,976","3,400","89","101","2,574,697.00","1,279,174.94","1,295,522.06"
"10890  :  โรงพยาบาลปากช่องนานา","2,224","7,030","1,334","14","420","10,952","20,973","700","749","31,762,005.00","16,678,394.00","15,083,611.00"
"10891  :  โรงพยาบาลหนองบุญมาก","63","691","49","0","47","850","1,391","28","29","762,808.00","520,306.00","242,502.00"
"10892  :  โรงพยาบาลแก้งสนามนาง","0","14","11","0","6","31","67","1","1","33,244.00","0.00","33,244.00"
"10893  :  โรงพยาบาลโนนแดง","3","23","10","0","25","61","146","6","6","78,244.75","55,426.00","22,818.75"
"10894  :  โรงพยาบาลวังน้ำเขียว","237","689","223","0","89","1,238","2,356","60","72","1,815,808.00","796,653.00","1,019,155.00"
"11492  :  โรงพยาบาลค่ายสุรนารี นครราชสีมา","0","0","0","0","0","0","0","0","0","0.00","0.00","0.00"
"11602  :  โรงพยาบาลเฉลิมพระเกียรติสมเด็จย่า 100 ปี","6","2","6","0","13","27","74","2","2","56,815.00","37,538.00","19,277.00"
"11608  :  โรงพยาบาลลำทะเมนชัย","2","4","8","0","10","23","110","3","3","42,420.00","22,469.00","19,951.00"
"11885  :  โรงพยาบาลเดอะโกลเดนเกท","0","0","0","0","0","0","0","0","0","0.00","0.00","0.00"
"11891  :  โรงพยาบาลราชสีมาฮอสพิทอล","0","0","0","0","0","0","0","0","0","0.00","0.00","0.00"
"12267  :  ศูนย์อนามัยที่ 9 นครราชสีมา","0","0","0","0","0","0","0","0","0","0.00","0.00","0.00"
"12268  :  โรงพยาบาลจิตเวชนครราชสีมาราชนครินทร์","0","0","0","0","0","0","0","0","0","0.00","0.00","0.00"
"14161  :  โรงพยาบาลกองบิน กองบิน1","0","0","0","0","0","0","0","0","0","0.00","0.00","0.00"
"22456  :  โรงพยาบาลพระทองคำ เฉลิมพระเกียรติ 80 พรรษา","12","15","14","0","74","115","340","8","8","221,371.40","123,836.00","97,535.40"
"23839  :  โรงพยาบาลเทพรัตน์นครราชสีมา","379","711","201","1","138","1,430","2,994","159","167","2,904,276.25","1,057,676.00","1,846,600.25"
"24060  :  โรงพยาบาลมหาวิทยาลัยเทคโนโลยีสุรนารี","0","0","0","0","0","0","0","0","0","0.00","0.00","0.00"
"24692  :  โรงพยาบาลเฉลิมพระเกียรติ","16","35","34","0","44","129","303","3","3","116,930.00","84,051.00","32,879.00"
"27839  :  โรงพยาบาลบัวลาย","1","30","15","0","8","54","73","0","0","35,865.00","28,027.00","7,838.00"
"27840  :  โรงพยาบาลสีดา","29","11","24","0","33","97","161","1","1","65,306.00","36,046.00","29,260.00"
"27841  :  โรงพยาบาลเทพารักษ์","5","7","22","0","8","42","110","0","0","112,178.00","82,011.00","30,167.00"
"10667  :  โรงพยาบาลบุรีรัมย์","441","1,571","330","6","547","2,891","6,108","341","406","23,812,052.62","15,037,926.87","8,774,125.75"
"10895  :  โรงพยาบาลคูเมือง","11","16","27","0","71","124","1,558","9","11","240,783.72","150,219.70","90,564.02"
"10896  :  โรงพยาบาลกระสัง","4","249","10","0","113","376","1,116","37","47","762,978.00","331,291.00","431,687.00"
"10897  :  โรงพยาบาลนางรอง","15","53","16","2","173","251","685","44","53","1,337,397.65","5,284,501.42","-3,947,103.77"
"10898  :  โรงพยาบาลหนองกี่","48","145","33","0","142","362","693","24","25","510,245.00","301,983.00","208,262.00"
"10899  :  โรงพยาบาลละหานทราย","10","45","24","0","68","147","453","20","23","271,259.00","147,494.00","123,765.00"
"10900  :  โรงพยาบาลประโคนชัย","89","80","35","1","185","386","1,035","50","57","823,653.00","381,788.00","441,865.00"
"10901  :  โรงพยาบาลบ้านกรวด","7","38","16","0","44","104","504","14","20","277,345.50","184,209.00","93,136.50"
"10902  :  โรงพยาบาลพุทไธสง","5","7","36","0","32","80","250","15","21","153,687.00","120,216.00","33,471.00"
"10904  :  โรงพยาบาลลำปลายมาศ","9","36","26","1","86","154","375","29","33","257,145.97","188,474.08","68,671.89"
"10905  :  โรงพยาบาลสตึก","9","21","35","0","167","232","759","33","34","495,509.00","188,666.75","306,842.25"
"10906  :  โรงพยาบาลปะคำ","1","7","4","0","201","211","452","15","16","258,840.00","69,168.00","189,672.00"
"10907  :  โรงพยาบาลนาโพธิ์","2","1","8","0","103","114","334","17","20","188,876.00","33,538.00","155,338.00"
"10908  :  โรงพยาบาลหนองหงส์","4","8","15","0","123","150","506","15","19","250,206.25","96,906.00","153,300.25"
"10909  :  โรงพยาบาลพลับพลาชัย","5","40","4","0","51","100","256","9","9","146,070.00","62,897.00","83,173.00"
"10910  :  โรงพยาบาลห้วยราช","0","0","1","0","2","3","13","0","0","3,341.00","753.00","2,588.00"
"10911  :  โรงพยาบาลโนนสุวรรณ","1","37","6","0","27","71","237","12","13","176,033.00","147,096.00","28,937.00"
"10912  :  โรงพยาบาลชำนิ","0","6","6","0","41","53","184","5","5","77,988.00","31,139.00","46,849.00"
"10913  :  โรงพยาบาลบ้านใหม่ไชยพจน์","6","0","12","0","22","40","102","4","4","86,867.00","48,432.00","38,435.00"
"10914  :  โรงพยาบาลโนนดินแดง","5","35","15","0","61","115","414","7","9","196,908.00","67,236.00","129,672.00"
"11493  :  โรงพยาบาลค่ายสมเด็จเจ้าพระยามหากษัตริย์ศึก","0","0","0","0","0","0","0","0","0","0.00","0.00","0.00"
"11619  :  โรงพยาบาลเฉลิมพระเกียรติ","6","17","8","0","37","68","191","5","5","103,710.00","55,303.00","48,407.00"
"23578  :  โรงพยาบาลแคนดง","4","1","6","0","13","24","96","0","0","30,674.00","14,030.00","16,644.00"
"28020  :  โรงพยาบาลบ้านด่าน","2","6","3","0","50","60","228","14","21","238,724.00","140,203.00","98,521.00"
"10668  :  โรงพยาบาลสุรินทร์","145","6,049","232","3","564","6,982","13,946","742","872","36,229,617.15","46,467,396.34","-10,237,779.19"
"10915  :  โรงพยาบาลชุมพลบุรี","3","25","19","6","110","163","448","11","12","297,583.00","145,655.00","151,928.00"
"10916  :  โรงพยาบาลท่าตูม","2","23","30","0","124","178","391","27","27","377,279.25","189,754.00","187,525.25"
"10917  :  โรงพยาบาลจอมพระ","6","14","6","0","32","57","135","3","3","64,789.00","32,384.25","32,404.75"
"10918  :  โรงพยาบาลปราสาท","7","2,542","51","2","261","2,860","6,294","417","474","8,185,512.00","7,694,872.00","490,640.00"
"10919  :  โรงพยาบาลกาบเชิง","1","1,021","11","0","25","1,057","2,288","109","118","1,880,458.00","1,763,021.00","117,437.00"
"10920  :  โรงพยาบาลรัตนบุรี","1","1","11","0","0","13","89","6","8","107,506.00","35,079.00","72,427.00"
"10921  :  โรงพยาบาลสนม","4","3","5","0","10","22","66","1","1","45,530.00","35,614.00","9,916.00"
"10922  :  โรงพยาบาลศีขรภูมิ","19","63","43","0","49","174","579","48","57","1,779,023.16","552,147.78","1,226,875.38"
"10923  :  โรงพยาบาลสังขะ","8","20","8","0","78","114","369","18","20","218,944.25","51,728.00","167,216.25"
"10924  :  โรงพยาบาลลำดวน","4","33","12","0","284","323","852","102","148","1,057,505.50","640,415.50","417,090.00"
"10925  :  โรงพยาบาลสำโรงทาบ","8","15","11","0","14","48","154","9","12","81,461.00","33,761.00","47,700.00"
"10926  :  โรงพยาบาลบัวเชด","5","153","4","0","31","193","379","16","20","251,321.75","169,079.00","82,242.75"
"11494  :  โรงพยาบาลค่ายวีรวัฒน์โยธิน","0","0","0","0","0","0","0","0","0","0.00","0.00","0.00"
"22302  :  โรงพยาบาลพนมดงรัก เฉลิมพระเกียรติ 80 พรรษา","1","10","2","1","11","25","115","2","2","63,608.00","37,587.00","26,021.00"
"27842  :  โรงพยาบาลเขวาสินรินทร์","7","7","2","0","8","24","93","1","1","26,844.36","14,776.36","12,068.00"
"27843  :  โรงพยาบาลศรีณรงค์","0","6","10","0","5","21","47","3","3","21,571.00","335.00","21,236.00"
"27844  :  โรงพยาบาลโนนนารายณ์","0","1","6","0","3","10","16","1","1","13,200.16","587.00","12,613.16"
"10700  :  โรงพยาบาลศรีสะเกษ","144","642","438","5","136","1,363","2,373","151","178","4,934,375.66","2,121,692.51","2,812,683.15"
"10927  :  โรงพยาบาลยางชุมน้อย","3","9","42","1","12","67","83","1","1","22,459.50","22,797.50","-338.00"
"10928  :  โรงพยาบาลกันทรารมย์","6","61","43","0","39","149","578","10","16","312,596.75","162,381.50","150,215.25"
"10929  :  โรงพยาบาลกันทรลักษ์","12","75","110","0","84","280","817","69","85","1,588,134.25","344,061.50","1,244,072.75"
"10930  :  โรงพยาบาลขุขันธ์","9","13","7","0","106","135","367","10","12","240,361.26","29,366.00","210,995.26"
"10931  :  โรงพยาบาลไพรบึง","0","5","0","0","3","8","22","0","0","5,275.00","2,306.00","2,969.00"
"10932  :  โรงพยาบาลปรางค์กู่","7","11","14","0","12","44","153","5","6","85,149.00","61,957.00","23,192.00"
"10933  :  โรงพยาบาลขุนหาญ","8","36","39","0","60","143","473","17","27","367,314.50","165,199.00","202,115.50"
"10934  :  โรงพยาบาลราษีไศล","14","11","42","0","19","86","230","24","26","166,609.50","64,382.00","102,227.50"
"10935  :  โรงพยาบาลอุทุมพรพิสัย","22","14","45","0","52","133","503","20","24","479,204.19","190,792.39","288,411.80"
"10936  :  โรงพยาบาลบึงบูรพ์","1","0","4","0","3","8","36","1","2","17,870.80","5,503.75","12,367.05"
"10937  :  โรงพยาบาลห้วยทับทัน","9","8","11","0","3","31","168","1","1","37,162.40","12,209.00","24,953.40"
"10938  :  โรงพยาบาลโนนคูณ","1","2","7","0","2","12","47","2","2","29,711.75","19,591.75","10,120.00"
"10939  :  โรงพยาบาลศรีรัตนะ","4","3","19","0","14","40","94","2","2","44,274.75","24,035.00","20,239.75"
"10940  :  โรงพยาบาลวังหิน","4","12","31","0","4","51","149","8","8","76,728.50","30,447.00","46,281.50"
"10941  :  โรงพยาบาลน้ำเกลี้ยง","4","4","13","0","6","27","97","5","7","75,650.50","46,821.00","28,829.50"
"10942  :  โรงพยาบาลภูสิงห์","2","411","22","0","24","459","968","34","37","589,878.89","328,895.20","260,983.69"
"10943  :  โรงพยาบาลเมืองจันทร์","1","1","4","0","4","10","18","2","2","21,852.00","14,118.00","7,734.00"
"23125  :  โรงพยาบาลเบญจลักษ์เฉลิมพระเกียรติ 80 พรรษา","4","1","19","0","3","27","97","3","3","53,375.75","19,006.50","34,369.25"
"28014  :  โรงพยาบาลพยุห์","0","7","8","0","10","25","98","3","3","72,995.25","11,882.50","61,112.75"
"28015  :  โรงพยาบาลโพธิ์ศรีสุวรรณ","1","1","1","0","3","6","38","2","2","23,359.50","2,254.00","21,105.50"
"28016  :  โรงพยาบาลศิลาลาด","0","0","2","0","14","16","92","2","3","21,461.00","774.00","20,687.00"
"10669  :  โรงพยาบาลสรรพสิทธิประสงค์","73","4,742","4,254","45","568","9,680","10,204","191","262","116,608,719.50","116,608,719.50","0.00"
"10944  :  โรงพยาบาลศรีเมืองใหม่","11","3","269","0","37","320","1,255","47","69","1,504,794.50","461,308.00","1,043,486.50"
"10945  :  โรงพยาบาลโขงเจียม","5","0","1,507","0","78","1,589","4,574","172","206","3,171,968.60","2,671,682.60","500,286.00"
"10946  :  โรงพยาบาลเขื่องใน","5","28","57","0","42","128","263","12","13","176,544.00","1,992,368.00","-1,815,824.00"
"10947  :  โรงพยาบาลเขมราฐ","6","4","3,235","0","37","3,278","8,502","438","483","9,737,949.97","8,403,924.06","1,334,025.91"
"10948  :  โรงพยาบาลนาจะหลวย","1","3","75","0","24","103","299","19","20","261,305.00","83,033.00","178,272.00"
"10949  :  โรงพยาบาลน้ำยืน","9","339","67","0","90","505","881","37","44","683,493.61","473,531.20","209,962.41"
"10950  :  โรงพยาบาลบุณฑริก","8","5","781","1","30","818","2,209","133","161","2,932,374.59","2,438,555.50","493,819.09"
"10951  :  โรงพยาบาลตระการพืชผล","1","10","249","1","115","375","817","112","123","2,122,454.03","1,512,415.00","610,039.03"
"10952  :  โรงพยาบาลกุดข้าวปุ้น","1","3","99","0","11","114","337","15","17","288,976.00","170,630.00","118,346.00"
"10953  :  โรงพยาบาลม่วงสามสิบ","5","8","116","0","79","208","614","25","29","314,037.97","37,729.50","276,308.47"
"10954  :  โรงพยาบาลวารินชำราบ","491","79","1,010","7","113","1,700","3,582","211","226","24,283,278.50","6,313,453.00","17,969,825.50"
"10956  :  โรงพยาบาลพิบูลมังสาหาร","26","9","378","0","83","496","1,505","115","127","2,876,628.00","1,881,811.00","994,817.00"
"10957  :  โรงพยาบาลตาลสุม","4","0","29","0","22","55","158","7","8","226,604.00","168,664.00","57,940.00"
"10958  :  โรงพยาบาลโพธิ์ไทร","4","0","334","0","206","543","1,487","76","98","1,496,494.50","1,233,519.00","262,975.50"
"10959  :  โรงพยาบาลสำโรง","11","4","70","0","16","101","393","13","14","182,155.00","100,357.00","81,798.00"
"10960  :  โรงพยาบาลดอนมดแดง","0","1","26","0","9","36","82","4","4","95,778.65","61,413.65","34,365.00"
"10961  :  โรงพยาบาลสิรินธร","6","3","1,746","5","46","1,805","4,225","203","242","3,898,847.76","2,953,961.00","944,886.76"
"10962  :  โรงพยาบาลทุ่งศรีอุดม","1","1","10","0","8","20","43","0","0","18,265.00","8,760.00","9,505.00"
"11443  :  โรงพยาบาลสมเด็จพระยุพราชเดชอุดม","33","52","342","1","59","486","1,002","142","155","2,099,370.00","1,201,194.00","898,176.00"
"11495  :  โรงพยาบาลกองบิน 21","0","0","0","0","0","0","0","0","0","0.00","0.00","0.00"
"11496  :  โรงพยาบาลค่ายสรรพสิทธิประสงค์","0","0","0","0","0","0","0","0","0","0.00","0.00","0.00"
"11918  :  โรงพยาบาลเอกชนร่มเกล้า","0","0","0","0","0","0","0","0","0","0.00","0.00","0.00"
"12269  :  โรงพยาบาลพระศรีมหาโพธิ์","0","0","0","0","0","0","0","0","0","0.00","0.00","0.00"
"12270  :  โรงพยาบาลส่งเสริมสุขภาพ ศูนย์อนามัยที่ 10","0","0","0","0","0","0","0","0","0","0.00","0.00","0.00"
"21984  :  โรงพยาบาล 50 พรรษา มหาวชิราลงกรณ","30","38","662","5","305","1,035","2,300","111","127","3,567,104.75","1,772,765.00","1,794,339.75"
"24032  :  โรงพยาบาลนาตาล","2","0","634","0","14","650","1,530","69","84","1,252,989.02","837,059.00","415,930.02"
"24821  :  โรงพยาบาลนาเยีย","3","4","19","0","11","37","98","0","0","38,340.00","24,480.00","13,860.00"
"27967  :  โรงพยาบาลสว่างวีระวงศ์","1","1","44","0","15","61","163","4","4","157,574.00","88,655.00","68,919.00"
"27968  :  โรงพยาบาลน้ำขุ่น","4","4","12","0","13","33","93","2","2","43,783.00","40,439.00","3,344.00"
"27976  :  โรงพยาบาลเหล่าเสือโก้ก","1","0","9","0","26","36","93","3","6","242,933.50","67,707.50","175,226.00"
"10701  :  โรงพยาบาลยโสธร","54","37","238","4","276","608","1,527","129","155","3,779,476.00","967,045.00","2,812,431.00"
"10963  :  โรงพยาบาลทรายมูล","4","0","15","0","24","43","136","4","4","62,165.00","14,928.00","47,237.00"
"10964  :  โรงพยาบาลกุดชุม","2","2","27","0","31","62","157","6","6","87,042.50","55,610.00","31,432.50"
"10965  :  โรงพยาบาลคำเขื่อนแก้ว","4","0","25","0","43","72","205","5","6","95,008.60","36,825.00","58,183.60"
"10966  :  โรงพยาบาลป่าติ้ว","1","0","8","0","10","19","153","3","3","43,726.50","10,124.00","33,602.50"
"10967  :  โรงพยาบาลมหาชนะชัย","0","0","23","0","13","36","101","4","5","66,750.00","3,416.00","63,334.00"
"10968  :  โรงพยาบาลค้อวัง","0","2","10","0","7","19","35","1","1","10,166.50","2,525.00","7,641.50"
"10969  :  โรงพยาบาลไทยเจริญ","0","2","13","0","7","22","99","3","5","55,351.00","0.00","55,351.00"
"11444  :  โรงพยาบาลสมเด็จพระยุพราชเลิงนกทา","13","3","75","0","160","251","1,048","46","59","994,712.45","88,542.00","906,170.45"
"11921  :  โรงพยาบาลนายแพทย์หาญ","0","0","0","0","0","0","0","0","0","0.00","0.00","0.00"
"04007  :  โรงพยาบาลซับใหญ่","4","19","5","0","2","30","44","0","0","7,868.00","478.00","7,390.00"
"10702  :  โรงพยาบาลชัยภูมิ","192","179","261","2","397","1,024","2,172","189","214","4,607,228.04","1,880,049.33","2,727,178.71"
"10970  :  โรงพยาบาลบ้านเขว้า","10","3","20","1","16","49","175","7","9","105,974.00","4,960.00","101,014.00"
"10971  :  โรงพยาบาลคอนสวรรค์","16","8","8","0","9","41","136","7","7","75,077.50","23,085.00","51,992.50"
"10972  :  โรงพยาบาลเกษตรสมบูรณ์","18","9","37","0","83","147","405","18","22","315,953.50","125,413.00","190,540.50"
"10973  :  โรงพยาบาลหนองบัวแดง","23","23","60","1","74","181","582","22","23","441,565.01","108,521.00","333,044.01"
"10974  :  โรงพยาบาลจัตุรัส","135","55","112","0","79","381","989","38","48","918,174.00","164,539.00","753,635.00"
"10975  :  โรงพยาบาลบำเหน็จณรงค์","10","24","13","0","48","90","351","7","9","179,443.50","96,841.00","82,602.50"
"10976  :  โรงพยาบาลหนองบัวระเหว","0","0","0","0","0","0","0","0","0","0.00","0.00","0.00"
"10977  :  โรงพยาบาลเทพสถิต","17","19","14","0","2","52","250","11","14","184,972.00","27,255.00","157,717.00"
"10978  :  โรงพยาบาลภูเขียวเฉลิมพระเกียรติ","16","6","31","0","98","149","519","26","34","1,013,001.98","111,162.00","901,839.98"
"10979  :  โรงพยาบาลบ้านแท่น","0","0","8","0","2","10","38","0","0","17,459.00","11,224.00","6,235.00"
"10980  :  โรงพยาบาลแก้งคร้อ","74","19","46","0","47","186","361","12","18","278,151.00","75,563.00","202,588.00"
"10981  :  โรงพยาบาลคอนสาร","10","6","64","0","46","126","350","15","21","237,597.00","23,100.00","214,497.00"
"10982  :  โรงพยาบาลภักดีชุมพล","15","10","19","0","7","51","160","6","8","99,085.00","28,813.00","70,272.00"
"10983  :  โรงพยาบาลเนินสง่า","3","0","7","0","33","43","111","0","0","48,075.00","41,440.00","6,635.00"
"10703  :  โรงพยาบาลอำนาจเจริญ","29","97","331","2","140","598","1,323","105","123","2,655,237.10","1,515,894.00","1,139,343.10"
"10985  :  โรงพยาบาลชานุมาน","2","4","1,010","0","17","1,032","2,698","171","217","1,867,239.00","1,312,618.00","554,621.00"
"10986  :  โรงพยาบาลปทุมราชวงศา","7","4","77","0","15","103","224","12","15","156,393.00","70,800.00","85,593.00"
"10987  :  โรงพยาบาลพนา","1","0","28","0","79","107","261","11","13","164,452.52","49,171.00","115,281.52"
"10988  :  โรงพยาบาลเสนางคนิคม","2","2","52","0","21","77","274","12","13","203,563.50","114,136.00","89,427.50"
"10989  :  โรงพยาบาลหัวตะพาน","3","5","25","0","81","114","310","16","19","246,712.50","79,161.00","167,551.50"
"10990  :  โรงพยาบาลลืออำนาจ","6","8","18","0","5","36","91","3","3","45,574.59","29,261.50","16,313.09"
"11040  :  โรงพยาบาลบึงกาฬ","302","128","1,607","9","98","2,141","5,420","470","512","9,586,010.25","8,023,096.50","1,562,913.75"
"11041  :  โรงพยาบาลพรเจริญ","13","8","155","1","77","254","666","26","27","482,192.85","218,978.00","263,214.85"
"11043  :  โรงพยาบาลโซ่พิสัย","15","15","153","1","106","290","762","51","56","594,295.00","201,461.00","392,834.00"
"11046  :  โรงพยาบาลเซกา","9","23","172","0","58","262","805","40","45","871,150.00","669,437.00","201,713.00"
"11047  :  โรงพยาบาลปากคาด","23","11","328","0","643","998","1,969","91","99","1,334,162.00","1,008,906.00","325,256.00"
"11048  :  โรงพยาบาลบึงโขงหลง","3","6","607","0","97","711","1,633","132","146","1,729,413.50","1,539,686.00","189,727.50"
"11049  :  โรงพยาบาลศรีวิไล","5","12","163","1","47","228","584","23","26","528,214.50","363,505.00","164,709.50"
"11050  :  โรงพยาบาลบุ่งคล้า","75","1","786","1","13","876","1,769","99","107","1,499,393.60","1,211,118.00","288,275.60"
"10704  :  โรงพยาบาลหนองบัวลำภู","26","38","235","5","821","1,125","3,021","183","201","4,904,435.00","1,589,539.00","3,314,896.00"
"10991  :  โรงพยาบาลนากลาง","6","17","123","0","131","277","726","27","34","659,723.00","171,918.00","487,805.00"
"10992  :  โรงพยาบาลโนนสัง","3","4","34","0","217","258","832","26","30","460,710.00","118,208.00","342,502.00"
"10993  :  โรงพยาบาลศรีบุญเรือง","8","3","23","0","93","127","314","12","13","223,725.00","58,060.00","165,665.00"
"10994  :  โรงพยาบาลสุวรรณคูหา","6","2","45","2","219","274","774","23","26","581,124.50","156,298.00","424,826.50"
"23367  :  โรงพยาบาลนาวัง เฉลิมพระเกียรติ 80 พรรษา","7","1","151","0","16","175","309","6","8","165,486.00","110,048.00","55,438.00"
"10670  :  โรงพยาบาลขอนแก่น","1,501","717","1,642","57","636","4,551","10,696","485","611","13,588,580.75","3,848,386.00","9,740,194.75"
"10995  :  โรงพยาบาลบ้านฝาง","68","22","178","0","80","348","873","29","33","546,377.00","272,450.00","273,927.00"
"10996  :  โรงพยาบาลพระยืน","45","15","57","0","74","190","500","16","25","272,401.00","179,435.00","92,966.00"
"10997  :  โรงพยาบาลหนองเรือ","74","10","25","1","30","140","492","10","13","224,826.00","10,740.00","214,086.00"
"10998  :  โรงพยาบาลชุมแพ","34","54","184","12","285","568","1,540","93","113","3,042,413.00","1,435,039.00","1,607,374.00"
"10999  :  โรงพยาบาลสีชมพู","17","19","41","0","51","128","433","13","17","212,085.85","159,100.00","52,985.85"
"11000  :  โรงพยาบาลน้ำพอง","6","13","18","1","58","62","150","39","47","403,611.50","170,072.00","233,539.50"
"11001  :  โรงพยาบาลอุบลรัตน์","9","44","65","0","52","170","367","14","16","227,584.00","157,130.00","70,454.00"
"11002  :  โรงพยาบาลบ้านไผ่","57","79","102","2","83","298","621","57","61","981,251.54","226,931.00","754,320.54"
"11003  :  โรงพยาบาลเปือยน้อย","4","0","2","0","17","23","49","4","9","249,970.00","9,300.00","240,670.00"
"11004  :  โรงพยาบาลพล","19","21","74","3","70","187","453","16","16","310,377.00","179,366.00","131,011.00"
"11005  :  โรงพยาบาลแวงใหญ่","5","2","7","1","64","79","235","8","8","166,941.00","79,663.00","87,278.00"
"11006  :  โรงพยาบาลแวงน้อย","1","1","9","0","12","23","62","1","2","38,199.00","0.00","38,199.00"
"11007  :  โรงพยาบาลหนองสองห้อง","8","3","28","1","50","90","226","20","21","160,156.00","1,257,331.00","-1,097,175.00"
"11008  :  โรงพยาบาลภูเวียง","0","0","0","0","49","49","112","10","10","40,499.00","0.00","40,499.00"
"11009  :  โรงพยาบาลมัญจาคีรี","4","2","20","1","6","33","55","6","9","122,929.00","46,330.00","76,599.00"
"11010  :  โรงพยาบาลชนบท","7","1","31","0","56","95","221","8","9","131,044.00","41,882.00","89,162.00"
"11011  :  โรงพยาบาลเขาสวนกวาง","7","2","45","0","62","116","333","18","25","259,376.00","107,592.00","151,784.00"
"11012  :  โรงพยาบาลภูผาม่าน","0","0","17","0","13","30","79","2","2","54,007.00","0.00","54,007.00"
"11445  :  โรงพยาบาลสมเด็จพระยุพราชกระนวน","10","1","83","0","112","206","500","48","55","512,104.00","287,384.00","224,720.00"
"11497  :  โรงพยาบาลค่ายศรีพัชรินทร","0","0","0","0","0","0","0","0","0","0.00","0.00","0.00"
"11936  :  โรงพยาบาลขอนแก่นราม","0","0","0","0","0","0","0","0","0","0.00","0.00","0.00"
"12272  :  โรงพยาบาลจิตเวชขอนแก่นราชนครินทร์","0","0","0","0","0","0","0","0","0","0.00","0.00","0.00"
"12273  :  โรงพยาบาลส่งเสริมสุขภาพ ศูนย์อนามัยที่ 7","0","0","0","0","0","0","0","0","0","0.00","0.00","0.00"
"12275  :  โรงพยาบาลสิรินธร(ภาคตะวันออกเฉียงเหนือ)","148","244","127","4","111","633","1,219","81","90","1,589,341.25","735,242.00","854,099.25"
"13777  :  โรงพยาบาลศรีนครินทร์ มหาวิทยาลัยขอนแก่น","0","0","0","0","0","0","0","0","0","0.00","0.00","0.00"
"14132  :  โรงพยาบาลซำสูง","3","8","28","0","41","80","235","14","16","151,419.00","51,577.00","99,842.00"
"14196  :  โรงพยาบาลธัญญรักษ์ขอนแก่น","0","0","0","0","0","0","0","0","0","0.00","0.00","0.00"
"24746  :  สถาบันสุขภาพจิตเด็กและวัยรุ่นภาคตะวันออกเฉียงเหนือ","0","0","0","0","0","0","0","0","0","0.00","0.00","0.00"
"77649  :  โรงพยาบาลหนองนาคำ","2","0","7","0","7","16","67","0","0","14,824.00","0.00","14,824.00"
"77650  :  โรงพยาบาลเวียงเก่า","0","0","1","0","3","4","5","0","0","1,894.00","0.00","1,894.00"
"77651  :  โรงพยาบาลโคกโพธิ์ไชย","2","1","3","0","4","10","51","0","0","34,778.00","5,886.00","28,892.00"
"77652  :  โรงพยาบาลโนนศิลา","5","6","15","0","13","27","76","13","15","132,941.66","2,700.00","130,241.66"
"10671  :  โรงพยาบาลอุดรธานี","268","101","1,894","155","474","2,888","8,442","573","785","40,884,251.78","0.00","40,884,251.78"
"11013  :  โรงพยาบาลกุดจับ","5","10","19","0","67","101","450","18","26","382,262.00","229,640.00","152,622.00"
"11014  :  โรงพยาบาลหนองวัวซอ","5","3","123","4","96","231","595","28","31","452,694.00","306,024.00","146,670.00"
"11015  :  โรงพยาบาลกุมภวาปี","27","14","172","32","205","450","1,270","67","70","1,796,276.35","834,642.00","961,634.35"
"11016  :  โรงพยาบาลห้วยเกิ้ง","3","2","3","0","9","17","26","0","0","6,865.00","4,840.00","2,025.00"
"11017  :  โรงพยาบาลโนนสะอาด","14","1","12","0","37","64","219","8","8","107,682.00","67,930.00","39,752.00"
"11018  :  โรงพยาบาลหนองหาน","24","14","157","8","177","380","956","51","62","830,105.00","514,956.00","315,149.00"
"11019  :  โรงพยาบาลทุ่งฝน","3","3","23","0","47","76","258","17","22","162,821.00","101,360.00","61,461.00"
"11020  :  โรงพยาบาลไชยวาน","1","0","48","0","26","75","165","3","3","70,047.00","25,317.00","44,730.00"
"11021  :  โรงพยาบาลศรีธาตุ","4","1","39","0","34","78","205","9","10","118,376.00","73,145.00","45,231.00"
"11022  :  โรงพยาบาลวังสามหมอ","17","4","73","0","66","160","388","15","17","270,366.00","146,805.00","123,561.00"
"11023  :  โรงพยาบาลบ้านผือ","21","80","275","10","139","510","1,626","87","99","1,570,890.00","897,761.00","673,129.00"
"11024  :  โรงพยาบาลน้ำโสม","13","5","238","0","121","377","1,070","73","82","718,118.00","477,395.00","240,723.00"
"11025  :  โรงพยาบาลเพ็ญ","12","12","216","4","369","611","1,511","103","118","1,617,654.00","630,629.00","987,025.00"
"11026  :  โรงพยาบาลสร้างคอม","3","1","27","0","13","44","151","7","9","79,194.00","43,460.00","35,734.00"
"11027  :  โรงพยาบาลหนองแสง","7","12","22","0","46","87","341","7","9","182,389.00","115,067.00","67,322.00"
"11028  :  โรงพยาบาลนายูง","4","5","151","1","15","176","463","22","25","320,586.00","153,731.00","166,855.00"
"11029  :  โรงพยาบาลพิบูลย์รักษ์","4","2","49","1","81","137","621","19","22","314,112.00","153,556.00","160,556.00"
"11446  :  โรงพยาบาลสมเด็จพระยุพราชบ้านดุง","13","4","43","0","85","144","645","29","33","330,408.00","233,881.00","96,527.00"
"11501  :  โรงพยาบาลค่ายประจักษ์ศิลปาคม","0","0","0","0","0","0","0","0","0","0.00","0.00","0.00"
"12276  :  โรงพยาบาลมะเร็งอุดรธานี","0","0","0","0","0","0","0","0","0","0.00","0.00","0.00"
"23951  :  โรงพยาบาลธัญญารักษ์อุดรธานี","0","0","0","0","0","0","0","0","0","0.00","0.00","0.00"
"25058  :  โรงพยาบาลกู่แก้ว","3","0","21","1","17","42","83","1","1","36,965.00","18,862.00","18,103.00"
"25059  :  โรงพยาบาลประจักษ์ศิลปาคม","0","1","191","0","19","211","400","5","5","370,231.00","356,177.00","14,054.00"
"10705  :  โรงพยาบาลเลย","159","36","5,606","14","368","6,167","12,451","2,069","2,336","53,302,113.00","36,738,375.50","16,563,737.50"
"11030  :  โรงพยาบาลนาด้วง","3","2","268","0","66","339","689","16","20","582,629.00","402,397.00","180,232.00"
"11031  :  โรงพยาบาลเชียงคาน","8","7","3,350","2","82","3,446","7,593","583","672","6,015,660.00","4,384,474.00","1,631,186.00"
"11032  :  โรงพยาบาลปากชม","23","3","1,104","0","36","1,164","3,369","220","253","2,717,997.00","1,603,429.00","1,114,568.00"
"11033  :  โรงพยาบาลนาแห้ว","3","2","537","0","30","566","1,591","56","62","931,157.00","642,096.00","289,061.00"
"11034  :  โรงพยาบาลภูเรือ","9","24","780","0","50","856","1,999","53","58","1,334,276.00","936,259.00","398,017.00"
"11035  :  โรงพยาบาลท่าลี่","10","6","5,765","0","29","5,802","13,807","1,270","1,484","13,360,726.00","9,613,215.00","3,747,511.00"
"11036  :  โรงพยาบาลวังสะพุง","37","10","627","5","145","824","1,608","54","60","1,821,360.00","1,350,109.00","471,251.00"
"11037  :  โรงพยาบาลภูกระดึง","8","7","69","0","61","145","429","14","20","324,293.00","148,430.00","175,863.00"
"11038  :  โรงพยาบาลภูหลวง","2","8","173","0","59","242","672","19","25","559,972.00","278,882.00","281,090.00"
"11039  :  โรงพยาบาลผาขาว","2","5","183","0","45","235","572","24","27","365,005.00","221,959.00","143,046.00"
"11447  :  โรงพยาบาลสมเด็จพระยุพราชด่านซ้าย","16","24","2,042","1","91","2,173","4,762","322","353","3,989,050.00","3,448,704.00","540,346.00"
"14133  :  โรงพยาบาลเอราวัณ","6","9","381","1","40","435","823","27","31","595,799.00","135,219.00","460,580.00"
"14644  :  โรงพยาบาลจิตเวชเลยราชนครินทร์","0","0","0","0","0","0","0","0","0","0.00","0.00","0.00"
"28861  :  โรงพยาบาลหนองหิน","2","2","506","8","102","620","1,079","20","22","587,581.00","473,069.00","114,512.00"
"10706  :  โรงพยาบาลหนองคาย","48","65","7,825","59","892","8,648","20,542","1,581","1,859","54,255,494.55","43,776,246.00","10,479,248.55"
"11042  :  โรงพยาบาลโพนพิสัย","20","29","1,347","4","185","1,568","3,852","290","342","4,707,960.00","2,763,319.00","1,944,641.00"
"11044  :  โรงพยาบาลศรีเชียงใหม่","11","5","396","10","96","517","2,327","53","63","1,398,603.50","682,588.00","716,015.50"
"11045  :  โรงพยาบาลสังคม","5","0","1,202","1","85","1,291","2,760","181","205","2,077,525.00","1,422,141.00","655,384.00"
"11448  :  โรงพยาบาลสมเด็จพระยุพราชท่าบ่อ","38","6","6,490","43","194","6,763","16,560","970","1,128","64,061,840.25","43,316,206.00","20,745,634.25"
"14558  :  โรงพยาบาลพิสัยเวช","0","0","0","0","0","0","0","0","0","0.00","0.00","0.00"
"21356  :  โรงพยาบาลสระใคร","6","6","46","0","10","68","179","5","5","124,842.00","80,093.00","44,749.00"
"28778  :  โรงพยาบาลโพธิ์ตาก","3","2","34","1","7","47","109","1","1","41,229.00","24,913.00","16,316.00"
"28811  :  โรงพยาบาลเฝ้าไร่","4","8","48","0","34","94","170","5","6","112,525.00","95,749.00","16,776.00"
"28815  :  โรงพยาบาลรัตนวาปี","3","0","161","0","15","179","439","8","8","156,485.50","110,905.00","45,580.50"
"10707  :  โรงพยาบาลมหาสารคาม","115","86","228","13","221","662","1,695","107","127","3,540,436.25","0.00","3,540,436.25"
"11051  :  โรงพยาบาลแกดำ","6","2","7","0","11","25","111","3","4","45,606.00","0.00","45,606.00"
"11052  :  โรงพยาบาลโกสุมพิสัย","22","6","108","1","106","242","608","27","31","438,361.50","376,009.00","62,352.50"
"11053  :  โรงพยาบาลกันทรวิชัย","9","6","37","0","25","77","201","11","12","257,060.00","0.00","257,060.00"
"11054  :  โรงพยาบาลเชียงยืน","28","9","66","1","59","163","372","18","29","264,956.00","0.00","264,956.00"
"11055  :  โรงพยาบาลบรบือ","32","55","96","0","72","253","589","42","53","535,733.75","0.00","535,733.75"
"11056  :  โรงพยาบาลนาเชือก","6","4","35","1","50","96","259","9","10","219,222.50","19,120.00","200,102.50"
"11057  :  โรงพยาบาลพยัคฆภูมิพิสัย","8","9","69","2","84","171","552","10","11","277,706.50","121,781.00","155,925.50"
"11058  :  โรงพยาบาลวาปีปทุม","15","11","49","0","50","125","292","18","22","253,553.00","0.00","253,553.00"
"11059  :  โรงพยาบาลนาดูน","10","2","6","0","36","54","181","13","16","119,843.00","0.00","119,843.00"
"11060  :  โรงพยาบาลยางสีสุราช","4","1","10","0","51","66","241","8","11","109,680.43","0.00","109,680.43"
"22953  :  โรงพยาบาลสุทธาเวช คณะแพทยศาสตร์ มหาวิทยาลัยมหาสารคาม","0","0","0","0","0","0","0","0","0","0.00","0.00","0.00"
"24704  :  โรงพยาบาลกุดรัง","2","11","12","0","6","31","82","0","0","33,292.00","0.00","33,292.00"
"28843  :  โรงพยาบาลชื่นชม","1","0","13","0","29","43","91","0","0","24,663.00","0.00","24,663.00"
"10708  :  โรงพยาบาลร้อยเอ็ด","0","0","0","0","0","0","0","0","0","0.00","0.00","0.00"
"11061  :  โรงพยาบาลเกษตรวิสัย","10","5","0","0","286","301","1,055","51","62","951,869.00","235,057.00","716,812.00"
"11062  :  โรงพยาบาลปทุมรัตต์","1","1","25","0","39","66","225","11","11","160,153.80","0.00","160,153.80"
"11063  :  โรงพยาบาลจตุรพักตรพิมาน","8","1","23","0","1,269","1,300","4,578","119","140","2,824,938.53","189,656.00","2,635,282.53"
"11064  :  โรงพยาบาลธวัชบุรี","9","14","23","0","27","73","166","1","1","72,953.00","2,173.00","70,780.00"
"11065  :  โรงพยาบาลพนมไพร","0","19","29","1","21","70","232","9","9","173,124.50","88,428.00","84,696.50"
"11066  :  โรงพยาบาลโพนทอง","13","7","68","0","200","288","736","61","67","1,119,514.14","406,770.25","712,743.89"
"11067  :  โรงพยาบาลโพธิ์ชัย","1","0","0","0","37","38","191","2","2","51,127.00","4,566.00","46,561.00"
"11068  :  โรงพยาบาลหนองพอก","13","1","43","0","59","116","372","13","13","277,172.40","86,688.00","190,484.40"
"11069  :  โรงพยาบาลเสลภูมิ","11","19","38","0","97","165","627","24","27","405,670.75","204,583.00","201,087.75"
"11070  :  โรงพยาบาลสุวรรณภูมิ","16","7","57","0","100","180","544","27","28","527,888.25","179,151.00","348,737.25"
"11071  :  โรงพยาบาลเมืองสรวง","3","0","4","0","1","8","36","1","3","18,524.00","14,260.00","4,264.00"
"11072  :  โรงพยาบาลโพนทราย","3","2","7","0","10","22","49","1","1","19,488.50","4,532.50","14,956.00"
"11073  :  โรงพยาบาลอาจสามารถ","10","4","16","0","21","51","130","5","5","140,926.00","67,869.00","73,057.00"
"11074  :  โรงพยาบาลเมยวดี","0","1","2","0","61","64","155","2","2","60,815.00","0.00","60,815.00"
"11075  :  โรงพยาบาลศรีสมเด็จ","3","2","8","0","37","50","99","10","10","110,385.00","6,739.00","103,646.00"
"11076  :  โรงพยาบาลจังหาร","2","0","13","0","18","33","110","2","3","47,188.50","15,827.00","31,361.50"
"11504  :  โรงพยาบาลค่ายสมเด็จพระพุทธยอดฟ้าจุฬาโลกมหาราช","0","0","0","0","0","0","0","0","0","0.00","0.00","0.00"
"11964  :  โรงพยาบาลทั่วไปขนาดใหญ่จุรีเวช","0","0","0","0","0","0","0","0","0","0.00","0.00","0.00"
"27988  :  โรงพยาบาลทุ่งเขาหลวง","2","4","14","0","64","84","209","7","8","116,422.00","9,145.00","107,277.00"
"27989  :  โรงพยาบาลเชียงขวัญ","2","0","5","0","2","9","28","0","0","8,595.00","0.00","8,595.00"
"27990  :  โรงพยาบาลหนองฮี","0","1","4","0","4","9","20","0","0","11,540.00","0.00","11,540.00"
"10709  :  โรงพยาบาลกาฬสินธุ์","186","57","353","3","630","1,227","3,274","198","239","6,014,876.01","2,411,968.00","3,602,908.01"
"11077  :  โรงพยาบาลนามน","10","1","57","1","88","157","445","8","9","269,417.00","96,242.00","173,175.00"
"11078  :  โรงพยาบาลกมลาไสย","15","3","89","2","92","200","448","24","25","459,307.81","108,976.00","350,331.81"
"11079  :  โรงพยาบาลร่องคำ","5","2","0","0","15","22","36","0","0","12,368.00","0.00","12,368.00"
"11080  :  โรงพยาบาลเขาวง","11","6","184","2","66","269","661","37","49","494,074.00","77,471.00","416,603.00"
"11081  :  โรงพยาบาลยางตลาด","22","8","62","0","143","235","555","36","48","572,703.25","194,630.00","378,073.25"
"11082  :  โรงพยาบาลห้วยเม็ก","9","1","41","0","25","76","203","7","9","135,712.40","0.00","135,712.40"
"11083  :  โรงพยาบาลสหัสขันธ์","2","2","23","0","20","47","204","8","9","92,641.00","0.00","92,641.00"
"11084  :  โรงพยาบาลคำม่วง","3","4","39","0","33","79","219","14","20","230,539.00","24,051.00","206,488.00"
"11085  :  โรงพยาบาลท่าคันโท","14","18","44","0","22","98","305","14","16","175,349.00","26,234.00","149,115.00"
"11086  :  โรงพยาบาลหนองกุงศรี","6","14","55","0","44","119","272","15","16","161,196.75","126,438.00","34,758.75"
"11087  :  โรงพยาบาลสมเด็จ","28","5","109","3","82","223","599","35","45","646,860.00","0.00","646,860.00"
"11088  :  โรงพยาบาลห้วยผึ้ง","5","1","32","1","40","79","280","9","10","134,215.00","0.00","134,215.00"
"11449  :  โรงพยาบาลสมเด็จพระยุพราชกุฉินารายณ์","5","14","185","0","61","265","855","53","61","1,093,142.00","582,444.00","510,698.00"
"11965  :  โรงพยาบาลธีรวัฒน์","0","0","0","0","0","0","0","0","0","0.00","0.00","0.00"
"28017  :  โรงพยาบาลนาคู","2","0","43","1","5","51","139","4","4","69,368.00","22,011.00","47,357.00"
"28789  :  โรงพยาบาลฆ้องชัย","0","0","2","0","4","6","9","0","0","1,968.00","1,318.00","650.00"
"28790  :  โรงพยาบาลดอนจาน","4","0","5","1","53","63","205","0","0","54,157.25","0.00","54,157.25"
"28791  :  โรงพยาบาลสามชัย","1","1","8","0","14","24","82","0","0","26,804.00","0.00","26,804.00"
"10710  :  โรงพยาบาลสกลนคร","32","44","558","64","372","1,069","3,995","272","306","15,164,755.00","775,085.00","14,389,670.00"
"11089  :  โรงพยาบาลกุสุมาลย์","5","2","39","2","34","81","218","11","11","284,125.00","177,172.00","106,953.00"
"11090  :  โรงพยาบาลกุดบาก","6","0","17","0","9","32","92","4","4","56,223.00","45,814.00","10,409.00"
"11091  :  โรงพยาบาลพระอาจารย์ฝั้นอาจาโร","9","1","46","0","3","59","275","13","14","219,805.00","39,900.00","179,905.00"
"11092  :  โรงพยาบาลพังโคน","35","14","231","27","176","481","1,238","67","73","1,408,452.00","909,422.00","499,030.00"
"11093  :  โรงพยาบาลวาริชภูมิ","4","3","125","0","36","168","468","14","18","363,774.00","225,109.00","138,665.00"
"11094  :  โรงพยาบาลนิคมน้ำอูน","6","0","43","0","17","66","167","2","2","75,512.00","35,325.00","40,187.00"
"11095  :  โรงพยาบาลวานรนิวาส","10","10","197","2","179","398","1,080","63","82","1,809,025.62","1,023,582.00","785,443.62"
"11096  :  โรงพยาบาลคำตากล้า","7","5","154","0","109","269","717","25","28","533,728.00","270,131.00","263,597.00"
"11097  :  โรงพยาบาลบ้านม่วง","17","38","179","0","152","386","836","11","12","811,173.00","350,081.00","461,092.00"
"11098  :  โรงพยาบาลอากาศอำนวย","5","9","112","0","59","163","1,240","33","71","774,598.00","566,148.00","208,450.00"
"11099  :  โรงพยาบาลส่องดาว","3","2","34","1","31","71","296","13","21","222,819.00","113,320.00","109,499.00"
"11100  :  โรงพยาบาลเต่างอย","2","0","32","0","17","51","122","7","8","116,220.00","77,445.00","38,775.00"
"11101  :  โรงพยาบาลโคกศรีสุพรรณ","7","2","81","1","24","115","315","16","17","254,759.25","194,211.00","60,548.25"
"11102  :  โรงพยาบาลเจริญศิลป์","11","4","51","0","75","140","391","13","17","352,169.00","162,296.00","189,873.00"
"11103  :  โรงพยาบาลโพนนาแก้ว","3","2","40","0","65","110","316","11","11","136,116.00","45,441.00","90,675.00"
"11450  :  โรงพยาบาลสมเด็จพระยุพราชสว่างแดนดิน","5","4","52","6","70","137","568","14","24","754,568.50","311,456.00","443,112.50"
"11505  :  โรงพยาบาลค่ายกฤษณ์สีวะรา","0","0","0","0","0","0","0","0","0","0.00","0.00","0.00"
"21323  :  โรงพยาบาลพระอาจารย์แบน  ธนากโร","1","6","36","2","14","59","117","3","3","102,320.00","92,717.00","9,603.00"
"24976  :  โรงพยาบาลการแพทย์แผนไทยสกลนคร หลวงปู่แฟ๊ป สุภัทโท","0","0","0","0","0","0","0","0","0","0.00","0.00","0.00"
"10711  :  โรงพยาบาลนครพนม","84","31","7,902","193","570","8,246","18,748","1,746","2,083","40,050,304.00","32,094,280.00","7,956,024.00"
"11104  :  โรงพยาบาลปลาปาก","1","4","132","0","38","174","528","12","12","405,892.00","207,690.00","198,202.00"
"11105  :  โรงพยาบาลท่าอุเทน","11","6","1,024","10","63","1,114","2,568","180","196","1,941,435.00","1,261,371.00","680,064.00"
"11106  :  โรงพยาบาลบ้านแพง","18","3","1,818","8","50","1,896","3,642","390","418","2,930,137.00","2,640,602.00","289,535.00"
"11107  :  โรงพยาบาลนาทม","18","7","88","1","10","123","267","14","15","259,117.00","163,616.00","95,501.00"
"11108  :  โรงพยาบาลเรณูนคร","3","4","204","1","70","281","894","22","22","663,608.00","377,256.00","286,352.00"
"11109  :  โรงพยาบาลนาแก","13","2","180","2","110","307","819","46","62","568,161.86","0.00","568,161.86"
"11110  :  โรงพยาบาลศรีสงคราม","15","7","395","0","248","661","2,352","118","138","2,433,839.20","1,047,516.00","1,386,323.20"
"11111  :  โรงพยาบาลนาหว้า","1","6","29","0","7","43","133","2","2","90,037.00","38,506.00","51,531.00"
"11112  :  โรงพยาบาลโพนสวรรค์","6","5","65","0","11","87","335","15","19","338,010.00","148,429.00","189,581.00"
"11451  :  โรงพยาบาลสมเด็จพระยุพราชธาตุพนม","6","1","967","20","45","1,034","2,511","227","268","2,786,508.07","1,995,317.02","791,191.05"
"12277  :  โรงพยาบาลจิตเวชนครพนมราชนครินทร์","0","0","0","0","0","0","0","0","0","0.00","0.00","0.00"
"40840  :  โรงพยาบาลวังยาง","1","1","17","0","17","36","107","2","2","32,976.30","0.00","32,976.30"
"10712  :  โรงพยาบาลมุกดาหาร","69","23","10,835","192","670","11,756","27,221","2,908","3,493","77,780,310.95","69,251,172.00","8,529,138.95"
"11113  :  โรงพยาบาลนิคมคำสร้อย","3","2","52","0","41","98","383","12","12","197,980.00","16,961.00","181,019.00"
"11114  :  โรงพยาบาลดอนตาล","0","0","346","0","41","387","1,435","63","77","711,992.00","384,313.00","327,679.00"
"11115  :  โรงพยาบาลดงหลวง","1","0","68","0","9","78","155","13","17","135,559.00","63,964.00","71,595.00"
"11116  :  โรงพยาบาลคำชะอี","3","3","151","1","55","212","502","12","12","392,623.00","210,058.00","182,565.00"
"11117  :  โรงพยาบาลหว้านใหญ่","3","0","314","0","66","366","1,348","71","79","678,929.50","200,458.00","478,471.50"
"11118  :  โรงพยาบาลหนองสูง","0","3","89","0","26","117","320","15","18","209,779.00","127,487.00","82,292.00"
"06009  :  โรงพยาบาลแม่ตื่น","0","0","0","0","0","0","0","0","0","0.00","0.00","0.00"
"10713  :  โรงพยาบาลนครพิงค์","21,369","91","131","4","7,823","29,396","68,839","4,701","5,752","193,209,787.00","12,730,752.00","180,479,035.00"
"11119  :  โรงพยาบาลจอมทอง","1,447","41","18","3","138","1,619","4,203","240","319","5,511,749.00","1,541,024.00","3,970,725.00"
"11120  :  โรงพยาบาลเทพรัตนเวชชานุกูล เฉลิมพระเกียรติ ๖๐ พรรษา","1,656","0","11","0","106","1,771","3,512","135","148","4,716,887.00","537,482.50","4,179,404.50"
"11121  :  โรงพยาบาลเชียงดาว","3,396","8","6","0","6,960","10,370","29,638","1,294","1,535","19,847,512.00","5,655,439.00","14,192,073.00"
"11122  :  โรงพยาบาลดอยสะเก็ด","3,981","15","27","4","857","4,883","11,015","439","498","10,438,404.00","6,059,410.00","4,378,994.00"
"11123  :  โรงพยาบาลแม่แตง","1,792","11","20","2","3,775","5,599","13,821","508","656","11,928,359.00","5,387,653.00","6,540,706.00"
"11124  :  โรงพยาบาลสะเมิง","1,212","1","2","0","80","1,293","3,447","171","189","2,566,069.00","1,590,622.00","975,447.00"
"11125  :  โรงพยาบาลฝาง","10,964","5","13","1","11,704","22,571","64,514","3,660","4,356","107,901,606.71","40,583,762.00","67,317,844.71"
"11126  :  โรงพยาบาลแม่อาย","5,989","0","3","0","2,696","8,685","22,908","1,180","1,477","24,018,786.00","8,294,455.00","15,724,331.00"
"11127  :  โรงพยาบาลพร้าว","713","26","7","0","201","947","2,119","71","86","2,292,806.00","1,198,063.00","1,094,743.00"
"11128  :  โรงพยาบาลสันป่าตอง","1,905","10","16","2","566","2,498","6,541","279","339","7,787,744.82","2,886,160.00","4,901,584.82"
"11129  :  โรงพยาบาลสันกำแพง","4,557","22","40","0","916","5,534","11,526","311","431","14,552,106.00","8,482,828.00","6,069,278.00"
"11130  :  โรงพยาบาลสันทราย","8,554","5","46","4","3,459","12,057","32,733","1,863","2,057","52,291,963.00","16,943,201.00","35,348,762.00"
"11131  :  โรงพยาบาลหางดง","8,985","6","32","7","1,799","10,792","29,754","1,358","1,595","29,988,855.00","15,825,831.00","14,163,024.00"
"11132  :  โรงพยาบาลฮอด","320","25","10","0","39","393","890","36","39","705,334.00","404,155.00","301,179.00"
"11133  :  โรงพยาบาลดอยเต่า","184","62","3","0","67","316","704","24","26","454,669.00","273,596.00","181,073.00"
"11134  :  โรงพยาบาลอมก๋อย","72","0","0","0","59","131","484","13","14","206,533.80","50,481.00","156,052.80"
"11135  :  โรงพยาบาลสารภี","7,989","10","24","0","1,056","9,075","20,942","634","704","20,809,147.46","12,843,448.00","7,965,699.46"
"11136  :  โรงพยาบาลเวียงแหง","5,147","0","2","0","700","5,846","18,562","648","839","14,532,478.14","1,736,707.52","12,795,770.62"
"11137  :  โรงพยาบาลไชยปราการ","3,155","1","2","0","2,716","5,871","16,407","701","850","11,613,773.00","4,323,965.00","7,289,808.00"
"11138  :  โรงพยาบาลแม่วาง","2,207","0","2","0","372","2,579","4,663","210","253","3,318,362.46","690,748.00","2,627,614.46"
"11139  :  โรงพยาบาลแม่ออน","607","0","4","0","223","834","1,983","61","74","1,612,466.00","887,518.00","724,948.00"
"11507  :  โรงพยาบาลกองบิน 41","0","0","0","0","0","0","0","0","0","0.00","0.00","0.00"
"11508  :  โรงพยาบาลค่ายกาวิละ เชียงใหม่","0","0","0","0","0","0","0","0","0","0.00","0.00","0.00"
"11643  :  โรงพยาบาลดอยหล่อ","707","2","4","0","83","796","1,613","28","31","1,475,906.00","1,026,743.00","449,163.00"
"11978  :  โรงพยาบาลดารารัศมี","0","0","0","0","0","0","0","0","0","0.00","0.00","0.00"
"11992  :  โรงพยาบาลเทพปัญญา 2 โรงพยาบาลทั่วไปขนาดกลาง","0","0","0","0","0","0","0","0","0","0.00","0.00","0.00"
"11995  :  โรงพยาบาลทั่วไปขนาดใหญ่เซ็นทรัลเชียงใหม่ เมโมเรียล","0","0","0","0","0","0","0","0","0","0.00","0.00","0.00"
"11999  :  โรงพยาบาลทั่วไปขนาดใหญ่เชียงใหม่เมดิคอลเซ็นเตอร์","0","0","0","0","0","0","0","0","0","0.00","0.00","0.00"
"12279  :  โรงพยาบาลส่งเสริมสุขภาพ ศูนย์อนามัยที่ 1","0","0","0","0","0","0","0","0","0","0.00","0.00","0.00"
"12280  :  โรงพยาบาลสวนปรุง","0","0","0","0","0","0","0","0","0","0.00","0.00","0.00"
"12281  :  โรงพยาบาลประสาทเชียงใหม่","0","0","0","0","0","0","0","0","0","0.00","0.00","0.00"
"13775  :  สถาบันพัฒนาการเด็กราชนครินทร์","0","0","0","0","0","0","0","0","0","0.00","0.00","0.00"
"13780  :  โรงพยาบาลมหาราชนครเชียงใหม่  มหาวิทยาลัยเชียงใหม่","0","0","0","0","0","0","0","0","0","0.00","0.00","0.00"
"13785  :  โรงพยาบาลธัญญารักษ์เชียงใหม่","0","0","0","0","0","0","0","0","0","0.00","0.00","0.00"
"14550  :  โรงพยาบาลทั่วไปขนาดใหญ่ เชียงใหม่ใกล้หมอ","0","0","0","0","0","0","0","0","0","0.00","0.00","0.00"
"14916  :  โรงพยาบาลทั่วไปขนาดกลางเชียงใหม่ฮอสพิทอล","0","0","0","0","0","0","0","0","0","0.00","0.00","0.00"
"23736  :  โรงพยาบาลวัดจันทร์ เฉลิมพระเกียรติ 80 พรรษา","61","0","2","0","53","116","214","28","29","303,075.26","128,235.82","174,839.44"
"10714  :  โรงพยาบาลลำพูน","1,700","18","24","0","727","2,434","8,736","765","920","13,462,776.06","4,136,810.98","9,325,965.08"
"11140  :  โรงพยาบาลแม่ทา","517","72","5","1","394","989","3,197","57","70","1,339,160.50","475,990.00","863,170.50"
"11141  :  โรงพยาบาลบ้านโฮ่ง","602","7","5","0","90","704","1,798","75","80","1,089,906.00","575,014.00","514,892.00"
"11142  :  โรงพยาบาลลี้","184","21","13","0","61","279","749","17","18","475,793.85","131,782.00","344,011.85"
"11143  :  โรงพยาบาลทุ่งหัวช้าง","2","0","1","0","4","7","22","1","2","9,223.00","607.00","8,616.00"
"11144  :  โรงพยาบาลป่าซาง","1,418","60","13","2","512","2,005","5,103","212","250","3,641,597.20","1,433,514.00","2,208,083.20"
"11145  :  โรงพยาบาลบ้านธิ","3,712","42","60","0","492","4,306","9,619","276","298","6,384,144.40","3,591,084.00","2,793,060.40"
"12000  :  โรงพยาบาลหริภุญชัยเมโมเรียล","0","0","0","0","0","0","0","0","0","0.00","0.00","0.00"
"14555  :  โรงพยาบาลทั่วไปขนาดกลางศิริเวช ลำพูน","0","0","0","0","0","0","0","0","0","0.00","0.00","0.00"
"24956  :  โรงพยาบาลเวียงหนองล่อง","395","57","0","3","68","523","1,317","3","3","547,822.00","355,144.00","192,678.00"
"10672  :  โรงพยาบาลลำปาง","960","27","438","2","454","1,877","6,773","287","345","26,444,046.00","23,365,363.00","3,078,683.00"
"11146  :  โรงพยาบาลแม่เมาะ","254","113","65","1","88","521","1,182","10","10","626,788.50","204,208.00","422,580.50"
"11147  :  โรงพยาบาลเกาะคา","323","12","55","1","207","598","1,317","86","99","2,304,830.75","1,015,932.25","1,288,898.50"
"11148  :  โรงพยาบาลเสริมงาม","7","0","2","2","12","23","74","1","1","43,346.75","22,014.50","21,332.25"
"11149  :  โรงพยาบาลงาว","37","8","29","0","122","196","699","24","30","574,997.00","219,691.50","355,305.50"
"11150  :  โรงพยาบาลแจ้ห่ม","87","1","18","0","31","137","392","10","14","499,941.00","278,431.00","221,510.00"
"11151  :  โรงพยาบาลวังเหนือ","40","1","9","0","119","169","451","9","11","264,951.75","124,979.25","139,972.50"
"11152  :  โรงพยาบาลเถิน","191","13","19","0","125","348","1,086","44","57","1,213,610.25","587,278.50","626,331.75"
"11153  :  โรงพยาบาลแม่พริก","12","4","6","0","31","53","105","3","3","97,036.00","41,437.00","55,599.00"
"11154  :  โรงพยาบาลแม่ทะ","95","33","27","0","21","176","330","6","10","305,460.00","388,344.00","-82,884.00"
"11155  :  โรงพยาบาลสบปราบ","26","4","6","0","59","94","298","6","8","213,485.50","82,479.50","131,006.00"
"11156  :  โรงพยาบาลห้างฉัตร","761","13","84","0","83","941","2,462","50","56","1,964,057.75","1,484,538.00","479,519.75"
"11157  :  โรงพยาบาลเมืองปาน","58","0","10","1","32","101","301","10","14","281,015.25","171,000.75","110,014.50"
"11512  :  โรงพยาบาลค่ายสุรศักดิ์มนตรี","0","0","0","0","0","0","0","0","0","0.00","0.00","0.00"
"12283  :  โรงพยาบาลมะเร็งลำปาง","0","0","0","0","0","0","0","0","0","0.00","0.00","0.00"
"10673  :  โรงพยาบาลอุตรดิตถ์","506","175","622","1","355","1,655","4,512","288","323","7,283,853.62","4,853,219.61","2,430,634.01"
"11158  :  โรงพยาบาลตรอน","13","9","8","0","11","41","86","2","2","57,898.00","38,225.00","19,673.00"
"11159  :  โรงพยาบาลท่าปลา","11","2","24","0","11","48","164","3","3","122,487.25","27,499.00","94,988.25"
"11160  :  โรงพยาบาลน้ำปาด","4","2","52","0","20","78","333","8","8","175,897.00","49,678.00","126,219.00"
"11161  :  โรงพยาบาลฟากท่า","1","0","50","0","9","56","169","7","8","133,794.40","33,709.00","100,085.40"
"11162  :  โรงพยาบาลบ้านโคก","1","3","1,263","0","14","1,255","2,355","94","105","1,477,462.40","1,053,565.90","423,896.50"
"11163  :  โรงพยาบาลพิชัย","11","79","20","0","28","138","293","3","3","151,389.00","96,292.00","55,097.00"
"11164  :  โรงพยาบาลลับแล","13","1","32","0","28","74","150","2","2","70,887.00","34,117.00","36,770.00"
"11165  :  โรงพยาบาลทองแสนขัน","55","38","8","0","8","109","209","3","3","132,579.63","52,496.25","80,083.38"
"11509  :  โรงพยาบาลค่ายพิชัยดาบหัก","0","0","0","0","0","0","0","0","0","0.00","0.00","0.00"
"10715  :  โรงพยาบาลแพร่","571","31","148","0","196","945","2,128","112","133","3,384,306.00","1,562,221.00","1,822,085.00"
"11166  :  โรงพยาบาลร้องกวาง","20","13","37","0","233","301","777","32","40","507,210.00","79,359.00","427,851.00"
"11167  :  โรงพยาบาลลอง","62","6","21","0","21","110","359","12","15","215,300.00","137,729.00","77,571.00"
"11169  :  โรงพยาบาลสูงเม่น","190","35","59","0","30","314","572","12","12","309,262.00","174,807.00","134,455.00"
"11170  :  โรงพยาบาลสอง","44","3","36","0","46","129","361","8","10","219,258.00","157,635.00","61,623.00"
"11171  :  โรงพยาบาลวังชิ้น","18","4","7","0","21","50","183","4","4","100,179.95","0.00","100,179.95"
"11172  :  โรงพยาบาลหนองม่วงไข่","7","0","5","0","17","28","66","4","4","34,186.00","19,440.00","14,746.00"
"11452  :  โรงพยาบาลสมเด็จพระยุพราชเด่นชัย","70","12","40","0","12","134","295","11","13","274,598.00","190,253.00","84,345.00"
"10716  :  โรงพยาบาลน่าน","104","17","2,490","1","257","2,743","5,123","618","803","38,412,171.55","8,645,624.50","29,766,547.05"
"11173  :  โรงพยาบาลแม่จริม","1","1","3","0","42","47","149","8","8","92,042.00","6,795.00","85,247.00"
"11174  :  โรงพยาบาลบ้านหลวง","1","0","10","0","14","25","64","4","5","43,308.25","8,464.00","34,844.25"
"11175  :  โรงพยาบาลนาน้อย","13","2","61","0","14","90","233","7","7","198,634.00","106,325.00","92,309.00"
"11176  :  โรงพยาบาลท่าวังผา","6","9","240","0","19","274","721","30","34","598,451.00","376,537.00","221,914.00"
"11177  :  โรงพยาบาลเวียงสา","26","14","148","0","49","237","612","34","42","588,899.00","179,568.00","409,331.00"
"11178  :  โรงพยาบาลทุ่งช้าง","15","0","86","1","254","356","1,355","59","75","991,544.12","210,077.00","781,467.12"
"11179  :  โรงพยาบาลเชียงกลาง","7","4","45","0","7","62","322","9","15","263,725.75","142,528.00","121,197.75"
"11180  :  โรงพยาบาลนาหมื่น","4","1","8","1","39","53","151","2","6","57,366.00","7,502.00","49,864.00"
"11181  :  โรงพยาบาลสันติสุข","4","13","35","0","51","103","187","9","10","101,557.00","39,936.00","61,621.00"
"11182  :  โรงพยาบาลบ่อเกลือ","1","0","8","0","9","17","48","5","5","40,956.00","8,008.00","32,948.00"
"11183  :  โรงพยาบาลสองแคว","4","0","78","0","29","111","433","25","30","308,366.00","103,095.00","205,271.00"
"11453  :  โรงพยาบาลสมเด็จพระยุพราชปัว","18","5","1,243","0","198","1,459","2,811","229","241","7,844,587.00","3,717,996.00","4,126,591.00"
"11510  :  โรงพยาบาลค่ายสุริยพงษ์","0","0","0","0","0","0","0","0","0","0.00","0.00","0.00"
"11625  :  โรงพยาบาลเฉลิมพระเกียรติ","0","0","4,394","5","9","4,407","9,527","381","424","7,065,938.00","6,543,454.00","522,484.00"
"25017  :  โรงพยาบาลภูเพียง","21","1","93","0","16","131","310","0","0","191,665.00","141,341.00","50,324.00"
"10717  :  โรงพยาบาลพะเยา","667","101","274","0","178","1,220","3,103","156","203","4,905,624.00","2,450,789.50","2,454,834.50"
"10718  :  โรงพยาบาลเชียงคำ","316","28","3,630","0","297","4,269","9,951","987","1,153","8,338,812.67","9,599,692.00","-1,260,879.33"
"11184  :  โรงพยาบาลจุน","25","2","23","0","28","78","377","9","14","276,470.00","127,787.00","148,683.00"
"11185  :  โรงพยาบาลเชียงม่วน","27","1","63","0","13","104","308","6","6","145,055.00","133,709.00","11,346.00"
"11186  :  โรงพยาบาลดอกคำใต้","71","1","48","1","36","157","591","20","22","849,741.05","209,669.00","640,072.05"
"11187  :  โรงพยาบาลปง","119","6","31","1","45","202","423","6","6","324,179.00","71,690.00","252,489.00"
"11188  :  โรงพยาบาลแม่ใจ","34","4","20","0","198","256","685","27","33","387,710.26","22,043.02","365,667.24"
"15140  :  โรงพยาบาลค่ายขุนเจืองธรรมิกราช","0","0","0","0","0","0","0","0","0","0.00","0.00","0.00"
"40744  :  โรงพยาบาลภูซาง","0","0","0","0","0","0","0","0","0","0.00","0.00","0.00"
"40745  :  โรงพยาบาลภูกามยาว","0","0","0","0","0","0","0","0","0","0.00","0.00","0.00"
"41347  :  โรงพยาบาลมหาวิทยาลัยพะเยา","0","0","0","0","0","0","0","0","0","0.00","0.00","0.00"
"10674  :  โรงพยาบาลเชียงรายประชานุเคราะห์","19,239","66","2,318","3","13,636","35,237","85,595","5,792","6,901","445,680,656.86","149,786,208.85","295,894,448.01"
"11189  :  โรงพยาบาลเทิง","143","3","241","0","1,048","1,432","4,197","154","195","3,331,662.00","456,205.00","2,875,457.00"
"11190  :  โรงพยาบาลพาน","610","9","280","1","379","1,278","3,526","87","98","2,218,210.25","1,338,278.00","879,932.25"
"11191  :  โรงพยาบาลป่าแดด","131","11","38","1","39","220","629","8","8","439,621.12","217,557.00","222,064.12"
"11192  :  โรงพยาบาลแม่จัน","2,045","13","142","0","7,143","9,340","25,433","1,291","1,675","23,025,395.25","5,095,463.50","17,929,931.75"
"11193  :  โรงพยาบาลเชียงแสน","2,694","4","4,034","2","3,127","9,854","29,180","1,003","1,129","15,689,039.75","6,557,557.00","9,131,482.75"
"11194  :  โรงพยาบาลแม่สาย","22,560","7","35","0","14,355","36,888","96,365","4,452","5,220","91,960,703.50","51,175,833.00","40,784,870.50"
"11195  :  โรงพยาบาลแม่สรวย","1,568","4","18","0","3,520","5,109","13,805","630","706","7,368,582.39","3,764,449.25","3,604,133.14"
"11196  :  โรงพยาบาลเวียงป่าเป้า","995","9","21","0","1,921","2,945","10,524","270","318","6,056,231.00","1,721,741.00","4,334,490.00"
"11197  :  โรงพยาบาลพญาเม็งราย","137","3","161","1","379","681","1,955","67","77","867,037.00","221,024.00","646,013.00"
"11198  :  โรงพยาบาลเวียงแก่น","15","8","1,988","0","1,478","3,486","9,123","451","525","6,170,501.00","941,637.00","5,228,864.00"
"11199  :  โรงพยาบาลขุนตาล","69","1","76","0","178","323","1,060","25","33","502,613.75","294,590.00","208,023.75"
"11200  :  โรงพยาบาลแม่ฟ้าหลวง","177","0","2","0","7,698","7,853","25,856","1,140","1,414","10,002,917.86","3,750,266.00","6,252,651.86"
"11201  :  โรงพยาบาลแม่ลาว","607","3","32","0","281","923","1,991","54","59","1,049,062.75","651,655.00","397,407.75"
"11202  :  โรงพยาบาลเวียงเชียงรุ้ง","117","1","61","0","199","376","1,009","27","29","673,507.00","336,165.00","337,342.00"
"11454  :  โรงพยาบาลสมเด็จพระยุพราชเชียงของ","161","5","4,891","10","2,073","7,112","19,745","823","955","20,330,592.00","13,895,750.60","6,434,841.40"
"15012  :  โรงพยาบาลสมเด็จพระญาณสังวร","1,145","8","118","0","180","1,451","3,839","79","90","3,423,738.25","2,444,178.00","979,560.25"
"23429  :  โรงพยาบาลมหาวิทยาลัยแม่ฟ้าหลวง","0","0","0","0","0","0","0","0","0","0.00","0.00","0.00"
"28823  :  โรงพยาบาลดอยหลวง","179","7","41","0","169","396","1,403","0","0","910,188.00","419,268.00","490,920.00"
"41509  :  โรงพยาบาลศูนย์การแพทย์มหาวิทยาลัยแม่ฟ้าหลวง","0","0","0","0","0","0","0","0","0","0.00","0.00","0.00"
"10719  :  โรงพยาบาลศรีสังวาลย์","144","0","5","1","10,198","10,340","33,485","1,876","2,296","60,529,506.09","6,129,270.46","54,400,235.63"
"11203  :  โรงพยาบาลขุนยวม","321","0","3","0","845","1,168","3,317","203","248","4,518,617.00","1,619,416.00","2,899,201.00"
"11204  :  โรงพยาบาลปาย","3,452","4","12","9","3,964","7,434","21,453","528","648","13,402,367.50","7,709,771.00","5,692,596.50"
"11205  :  โรงพยาบาลแม่สะเรียง","186","16","7","0","1,862","2,067","5,291","528","634","10,059,715.00","1,266,629.00","8,793,086.00"
"11206  :  โรงพยาบาลแม่ลาน้อย","135","0","3","0","9","147","534","13","16","379,307.00","65,761.00","313,546.00"
"11207  :  โรงพยาบาลสบเมย","9","0","0","0","569","557","1,401","66","79","1,258,367.24","414,229.97","844,137.27"
"11208  :  โรงพยาบาลปางมะผ้า","1,469","0","9","0","2,472","3,944","11,045","515","664","8,384,378.00","1,587,249.00","6,797,129.00"
"14197  :  โรงพยาบาลธัญญรักษ์แม่ฮ่องสอน","0","0","0","0","0","0","0","0","0","0.00","0.00","0.00"
"10675  :  โรงพยาบาลสวรรค์ประชารักษ์","4,725","302","189","2","256","5,467","10,337","542","614","16,309,448.00","8,080,104.00","8,229,344.00"
"11209  :  โรงพยาบาลโกรกพระ","219","15","21","0","29","284","659","16","19","542,288.00","316,979.00","225,309.00"
"11210  :  โรงพยาบาลชุมแสง","122","12","15","0","17","166","337","11","12","354,615.00","269,388.00","85,227.00"
"11211  :  โรงพยาบาลหนองบัว","132","12","92","0","68","304","695","21","27","532,956.00","246,519.00","286,437.00"
"11212  :  โรงพยาบาลบรรพตพิสัย","471","99","40","1","363","974","2,227","65","72","1,670,976.25","1,114,800.00","556,176.25"
"11213  :  โรงพยาบาลเก้าเลี้ยว","441","25","16","0","56","537","909","18","26","540,530.00","249,350.00","291,180.00"
"11214  :  โรงพยาบาลตาคลี","388","171","59","1","160","779","1,723","64","70","2,217,938.00","1,026,414.00","1,191,524.00"
"11215  :  โรงพยาบาลท่าตะโก","262","20","31","0","68","381","830","34","39","868,651.00","34,330.00","834,321.00"
"11216  :  โรงพยาบาลไพศาลี","38","29","42","0","26","135","324","8","8","296,033.25","209,982.00","86,051.25"
"11217  :  โรงพยาบาลพยุหะคีรี","413","86","35","1","88","622","1,333","41","42","1,351,680.00","707,647.00","644,033.00"
"11218  :  โรงพยาบาลลาดยาว","188","43","38","0","27","296","712","17","17","1,064,879.00","704,291.00","360,588.00"
"11219  :  โรงพยาบาลตากฟ้า","137","36","26","0","44","243","506","15","20","589,460.15","331,934.00","257,526.15"
"11220  :  โรงพยาบาลแม่วงก์","31","15","16","1","8","71","161","7","7","256,583.00","138,659.00","117,924.00"
"11513  :  โรงพยาบาลค่ายจิรประวัติ","0","0","0","0","0","0","0","0","0","0.00","0.00","0.00"
"12030  :  โรงพยาบาลพริ้นซ์ ปากน้ำโพ 1 โรงพยาบาลทั่วไปขนาดใหญ่","0","0","0","0","0","0","0","0","0","0.00","0.00","0.00"
"12033  :  โรงพยาบาลรวมแพทย์นครสวรรค์","0","0","0","0","0","0","0","0","0","0.00","0.00","0.00"
"12034  :  โรงพยาบาลพริ้นซ์ ปากน้ำโพ 2 โรงพยาบาลทั่วไปขนาดใหญ่","0","0","0","0","0","0","0","0","0","0.00","0.00","0.00"
"12042  :  โรงพยาบาลร่มฉัตร","0","0","0","0","0","0","0","0","0","0.00","0.00","0.00"
"12044  :  โรงพยาบาลศรีสวรรค์","0","0","0","0","0","0","0","0","0","0.00","0.00","0.00"
"12284  :  โรงพยาบาลส่งเสริมสุขภาพ ศูนย์อนามัยที่ 3","0","0","0","0","0","0","0","0","0","0.00","0.00","0.00"
"14171  :  โรงพยาบาลจิตเวชนครสวรรค์ราชนครินทร์","0","0","0","0","0","0","0","0","0","0.00","0.00","0.00"
"40749  :  โรงพยาบาลชุมตาบง","4","1","2","0","2","9","21","0","0","8,449.00","1,420.00","7,029.00"
"10720  :  โรงพยาบาลอุทัยธานี","797","314","193","1","133","1,432","2,526","135","148","4,588,356.75","3,182,745.00","1,405,611.75"
"11221  :  โรงพยาบาลทัพทัน","29","30","11","0","189","255","873","29","37","427,206.00","117,331.00","309,875.00"
"11222  :  โรงพยาบาลสว่างอารมณ์","33","11","11","0","60","115","430","11","12","160,756.50","71,214.00","89,542.50"
"11223  :  โรงพยาบาลหนองฉาง","30","19","18","1","133","200","871","26","31","326,710.66","95,625.00","231,085.66"
"11224  :  โรงพยาบาลหนองขาหย่าง","22","17","2","0","35","76","242","5","5","74,413.60","17,876.00","56,537.60"
"11225  :  โรงพยาบาลบ้านไร่","188","32","66","1","66","353","1,029","42","46","502,876.75","121,227.00","381,649.75"
"11226  :  โรงพยาบาลลานสัก","30","6","11","0","11","58","209","7","7","57,827.00","27,313.00","30,514.00"
"11227  :  โรงพยาบาลห้วยคต","125","14","52","0","23","209","573","33","37","285,501.75","88,040.25","197,461.50"
"10721  :  โรงพยาบาลกำแพงเพชร","1,551","118","65","0","30","1,762","3,461","134","156","7,422,580.50","4,992,686.50","2,429,894.00"
"11228  :  โรงพยาบาลทุ่งโพธิ์ทะเล","306","7","30","0","17","360","926","19","19","1,179,292.00","0.00","1,179,292.00"
"11229  :  โรงพยาบาลไทรงาม","377","11","104","0","36","528","1,094","36","43","2,088,967.00","1,487,406.00","601,561.00"
"11230  :  โรงพยาบาลคลองลาน","155","6","22","0","59","242","656","25","39","793,365.00","554,857.00","238,508.00"
"11231  :  โรงพยาบาลขาณุวรลักษบุรี","799","45","88","0","24","956","2,275","95","107","1,753,910.00","1,073,094.00","680,816.00"
"11232  :  โรงพยาบาลคลองขลุง","1,456","130","186","0","180","1,952","4,410","150","175","3,114,784.00","99,346.00","3,015,438.00"
"11233  :  โรงพยาบาลพรานกระต่าย","361","90","27","0","18","495","953","18","24","476,999.00","71,938.00","405,061.00"
"11234  :  โรงพยาบาลลานกระบือ","202","14","72","0","26","314","737","15","15","888,951.00","460,221.00","428,730.00"
"11235  :  โรงพยาบาลทรายทองวัฒนา","224","65","40","0","2","331","972","28","35","1,282,724.00","950,885.00","331,839.00"
"11236  :  โรงพยาบาลปางศิลาทอง","194","20","29","0","23","266","658","17","18","644,876.00","28,268.00","616,608.00"
"14135  :  โรงพยาบาลบึงสามัคคี","709","24","115","0","30","876","1,684","66","70","3,453,271.00","0.00","3,453,271.00"
"28010  :  โรงพยาบาลโกสัมพีนคร","178","13","41","0","4","236","465","0","0","203,895.00","12,774.00","191,121.00"
"10722  :  โรงพยาบาลสมเด็จพระเจ้าตากสินมหาราช","2,355","80","54","0","572","3,049","8,681","380","470","14,026,379.56","4,779,689.00","9,246,690.56"
"10723  :  โรงพยาบาลแม่สอด","24,937","29","22","0","3,044","27,980","84,489","7,391","8,589","287,235,901.51","78,800,481.00","208,435,420.51"
"11238  :  โรงพยาบาลบ้านตาก","197","5","6","0","77","285","786","23","29","483,019.14","272,951.00","210,068.14"
"11239  :  โรงพยาบาลสามเงา","107","11","11","0","36","165","446","10","14","265,970.00","260,250.00","5,720.00"
"11240  :  โรงพยาบาลแม่ระมาด","1,141","2","6","0","4,845","5,967","17,632","1,656","2,072","22,399,838.20","3,279,815.00","19,120,023.20"
"11241  :  โรงพยาบาลท่าสองยาง","365","1","6","0","7,302","7,570","21,411","1,399","1,837","43,296,391.00","3,187,773.00","40,108,618.00"
"11242  :  โรงพยาบาลพบพระ","8,452","0","4","0","614","9,065","23,375","1,784","2,125","8,653,596.45","4,960,250.50","3,693,345.95"
"11243  :  โรงพยาบาลอุ้มผาง","956","0","8","0","11,004","11,962","36,662","2,420","2,928","49,700,692.00","420,929.00","49,279,763.00"
"27443  :  โรงพยาบาลวังเจ้า","67","55","2","0","17","141","273","0","0","146,214.60","18,685.00","127,529.60"
"10724  :  โรงพยาบาลสุโขทัย","270","47","34","1","240","572","1,162","52","57","1,666,859.11","975,546.16","691,312.95"
"10725  :  โรงพยาบาลศรีสังวรสุโขทัย","91","7","11","1","92","202","901","48","59","1,367,252.75","443,738.00","923,514.75"
"11244  :  โรงพยาบาลบ้านด่านลานหอย","58","8","13","0","55","134","339","11","11","286,230.00","181,351.00","104,879.00"
"11245  :  โรงพยาบาลคีรีมาศ","47","8","17","0","88","160","345","11","14","213,264.25","29,703.25","183,561.00"
"11246  :  โรงพยาบาลกงไกรลาศ","73","15","14","0","16","118","225","7","8","259,498.00","166,128.00","93,370.00"
"11247  :  โรงพยาบาลศรีสัชนาลัย","150","11","25","0","228","411","1,034","47","57","1,212,806.00","513,859.25","698,946.75"
"11248  :  โรงพยาบาลสวรรคโลก","84","8","19","1","36","147","358","15","18","411,818.00","21,473.00","390,345.00"
"11249  :  โรงพยาบาลศรีนคร","12","7","1","0","8","27","155","6","9","236,831.50","138,198.25","98,633.25"
"11250  :  โรงพยาบาลทุ่งเสลี่ยม","42","18","15","0","22","96","260","9","9","291,967.00","216,579.00","75,388.00"
"10676  :  โรงพยาบาลพุทธชินราช","533","68","114","1","208","911","2,566","199","237","25,553,124.00","11,890,085.00","13,663,039.00"
"11251  :  โรงพยาบาลชาติตระการ","298","6","41","0","100","445","891","26","27","1,407,851.00","1,075,648.00","332,203.00"
"11252  :  โรงพยาบาลบางระกำ","237","82","248","1","24","592","872","14","15","981,167.25","796,429.50","184,737.75"
"11253  :  โรงพยาบาลบางกระทุ่ม","202","13","34","0","34","283","557","6","6","661,957.40","533,980.00","127,977.40"
"11254  :  โรงพยาบาลพรหมพิราม","48","45","18","0","87","198","355","6","6","230,623.00","66,726.00","163,897.00"
"11255  :  โรงพยาบาลวัดโบสถ์","217","21","45","0","71","354","920","26","32","928,100.75","628,279.50","299,821.25"
"11256  :  โรงพยาบาลวังทอง","819","83","123","1","205","1,231","2,191","87","96","3,883,086.78","2,636,031.00","1,247,055.78"
"11257  :  โรงพยาบาลเนินมะปราง","27","10","12","0","90","139","442","12","18","408,197.00","165,538.00","242,659.00"
"11455  :  โรงพยาบาลสมเด็จพระยุพราชนครไทย","858","11","124","1","244","1,238","2,454","147","172","4,298,969.90","3,269,937.00","1,029,032.90"
"11517  :  โรงพยาบาลค่ายสมเด็จพระนเรศวร","0","0","0","0","0","0","0","0","0","0.00","0.00","0.00"
"14972  :  โรงพยาบาลมหาวิทยาลัยนเรศวร","0","0","0","0","0","0","0","0","0","0.00","0.00","0.00"
"41429  :  โรงพยาบาลจิตเวชพิษณุโลก","0","0","0","0","0","0","0","0","0","0.00","0.00","0.00"
"10726  :  โรงพยาบาลพิจิตร","1,372","286","197","0","259","2,114","3,746","157","180","5,350,949.75","1,016,242.75","4,334,707.00"
"11258  :  โรงพยาบาลวังทรายพูน","18","1","2","0","22","42","134","9","10","89,535.00","50,570.00","38,965.00"
"11259  :  โรงพยาบาลโพธิ์ประทับช้าง","79","6","12","0","6","103","230","7","8","117,086.00","54,152.00","62,934.00"
"11260  :  โรงพยาบาลบางมูลนาก","282","38","31","0","36","386","891","38","40","579,312.00","329,978.00","249,334.00"
"11261  :  โรงพยาบาลโพทะเล","81","39","17","0","26","162","382","22","23","240,039.00","115,953.00","124,086.00"
"11262  :  โรงพยาบาลสามง่าม","91","26","15","0","49","181","347","6","8","169,571.00","41,999.00","127,572.00"
"11263  :  โรงพยาบาลทับคล้อ","11","8","14","0","10","43","119","5","6","64,119.00","29,385.00","34,734.00"
"11456  :  โรงพยาบาลสมเด็จพระยุพราชตะพานหิน","51","5","13","1","6","75","248","9","10","158,509.00","55,834.00","102,675.00"
"11631  :  โรงพยาบาลวชิรบารมี","54","24","9","0","2","89","216","13","14","139,412.00","19,483.00","119,929.00"
"27978  :  โรงพยาบาลสากเหล็ก","1","0","0","0","0","1","4","0","0","655.00","268.00","387.00"
"27979  :  โรงพยาบาลบึงนาราง","6","1","6","0","18","31","67","0","0","35,090.00","6,953.00","28,137.00"
"27980  :  โรงพยาบาลดงเจริญ","38","5","0","0","16","59","124","0","0","30,091.00","11,973.00","18,118.00"
"10727  :  โรงพยาบาลเพชรบูรณ์","500","191","288","2","815","1,766","3,634","451","469","8,269,409.15","3,115,221.50","5,154,187.65"
"11264  :  โรงพยาบาลชนแดน","94","57","39","2","63","255","576","26","34","461,204.50","69,871.00","391,333.50"
"11265  :  โรงพยาบาลหล่มสัก","66","92","225","3","101","469","972","57","65","1,445,064.00","773,736.00","671,328.00"
"11266  :  โรงพยาบาลวิเชียรบุรี","153","63","42","0","100","357","787","67","72","1,519,774.00","358,555.00","1,161,219.00"
"11267  :  โรงพยาบาลศรีเทพ","146","131","52","1","110","439","915","39","49","1,285,092.00","860,984.00","424,108.00"
"11268  :  โรงพยาบาลหนองไผ่","74","64","75","0","117","330","894","23","32","367,895.00","24,750.00","343,145.00"
"11269  :  โรงพยาบาลบึงสามพัน","5,038","30","311","0","78","5,453","10,403","285","326","5,781,162.00","3,165,211.00","2,615,951.00"
"11270  :  โรงพยาบาลน้ำหนาว","2","3","22","0","5","32","87","2","2","92,468.00","57,825.00","34,643.00"
"11271  :  โรงพยาบาลวังโป่ง","18","4","19","0","27","68","245","6","11","169,495.00","71,938.00","97,557.00"
"11272  :  โรงพยาบาลเขาค้อ","93","26","121","0","305","545","1,388","84","103","1,222,426.55","484,554.00","737,872.55"
"11457  :  โรงพยาบาลสมเด็จพระยุพราชหล่มเก่า","25","15","168","0","54","262","541","20","23","701,400.00","500,688.00","200,712.00"
"11946  :  โรงพยาบาลค่ายพ่อขุนผาเมือง","0","0","0","0","0","0","0","0","0","0.00","0.00","0.00"
"10677  :  โรงพยาบาลราชบุรี","13,179","626","265","17","1,752","15,810","37,658","1,915","2,197","84,954,965.00","39,542,797.00","45,412,168.00"
"10728  :  โรงพยาบาลดำเนินสะดวก","3,972","581","406","2","236","5,197","15,347","542","635","19,701,938.42","14,705,588.75","4,996,349.67"
"10729  :  โรงพยาบาลบ้านโป่ง","7,848","604","515","5","1,240","10,212","21,507","963","1,094","16,892,850.75","3,695,295.00","13,197,555.75"
"10730  :  โรงพยาบาลโพธาราม","8,111","1,065","227","1","240","9,640","26,087","699","799","29,967,590.50","19,121,502.00","10,846,088.50"
"11273  :  โรงพยาบาลสวนผึ้ง","1,608","24","70","1","5,296","6,987","17,688","1,029","1,226","18,581,220.00","5,012,078.00","13,569,142.00"
"11274  :  โรงพยาบาลบางแพ","1,790","221","343","1","88","2,443","4,858","111","118","7,233,811.00","6,109,315.00","1,124,496.00"
"11275  :  โรงพยาบาลเจ็ดเสมียน","1,546","169","34","1","243","1,993","4,083","53","54","2,737,625.85","1,930,936.00","806,689.85"
"11276  :  โรงพยาบาลปากท่อ","6,821","201","165","0","265","7,451","11,648","330","372","3,517,594.25","1,004,317.00","2,513,277.25"
"11277  :  โรงพยาบาลวัดเพลง","368","14","19","0","81","482","1,224","40","42","506,467.00","901,121.00","-394,654.00"
"11458  :  โรงพยาบาลสมเด็จพระยุพราชจอมบึง","4,982","175","115","0","428","5,698","10,924","408","469","6,053,063.50","3,475,835.00","2,577,228.50"
"11519  :  โรงพยาบาลค่ายภาณุรังษี","0","0","0","0","0","0","0","0","0","0.00","0.00","0.00"
"12093  :  สถานพยาบาลแพทย์ประดิษฐ์","0","0","0","0","0","0","0","0","0","0.00","0.00","0.00"
"12097  :  มหาชัยพร้อมแพทย์โรงพยาบาลทั่วไปขนาดกลาง","0","0","0","0","0","0","0","0","0","0.00","0.00","0.00"
"12098  :  โรงพยาบาลกรุงเทพเมืองราชโรงพยาบาลทั่วไปขนาดใหญ่","0","0","0","0","0","0","0","0","0","0.00","0.00","0.00"
"12103  :  โรงพยาบาลซานคามิลโล","0","0","0","0","0","0","0","0","0","0.00","0.00","0.00"
"12286  :  โรงพยาบาลส่งเสริมสุขภาพ ศูนย์อนามัยที่ 5","0","0","0","0","0","0","0","0","0","0.00","0.00","0.00"
"28858  :  โรงพยาบาลบ้านคา","1,207","43","102","0","263","1,615","3,455","37","39","2,849,774.00","2,571,281.00","278,493.00"
"10731  :  โรงพยาบาลพหลพลพยุหเสนา","10,169","480","318","6","3,109","14,048","31,525","2,899","3,494","79,761,406.00","7,323,147.50","72,438,258.50"
"10732  :  โรงพยาบาลมะการักษ์","5,338","114","107","1","968","6,522","20,182","1,228","1,416","29,523,930.70","4,523,361.00","25,000,569.70"
"11278  :  โรงพยาบาลไทรโยค","3,491","43","32","0","1,046","4,609","12,332","633","746","10,173,334.30","1,475,825.00","8,697,509.30"
"11279  :  โรงพยาบาลสมเด็จพระปิยมหาราชรมณียเขต","3,560","0","17","0","33","3,596","13,783","521","618","8,752,377.00","305,831.00","8,446,546.00"
"11280  :  โรงพยาบาลบ่อพลอย","1,562","221","57","0","136","1,972","4,245","169","204","2,496,838.00","4,915.00","2,491,923.00"
"11281  :  โรงพยาบาลท่ากระดาน","573","23","22","0","76","693","1,943","73","89","1,072,038.00","0.00","1,072,038.00"
"11282  :  โรงพยาบาลสมเด็จพระสังฆราชองค์ที่ ๑๙","3,851","291","128","2","111","4,380","10,779","473","551","13,456,003.00","8,008,390.00","5,447,613.00"
"11283  :  โรงพยาบาลทองผาภูมิ","13,864","10","175","0","96","14,137","48,784","2,387","3,067","40,629,018.00","3,412,347.00","37,216,671.00"
"11284  :  โรงพยาบาลสังขละบุรี","3,916","2","430","2","6,849","11,184","38,263","2,131","2,657","40,710,090.50","4,221,684.00","36,488,406.50"
"11285  :  โรงพยาบาลเจ้าคุณไพบูลย์พนมทวน","1,484","235","59","0","347","2,124","4,509","194","228","2,677,995.00","0.00","2,677,995.00"
"11286  :  โรงพยาบาลเลาขวัญ","358","66","47","0","25","496","1,222","32","35","665,364.00","43,330.00","622,034.00"
"11287  :  โรงพยาบาลด่านมะขามเตี้ย","1,025","20","23","0","83","1,139","2,301","150","173","1,516,987.00","112,394.00","1,404,593.00"
"11288  :  โรงพยาบาลสถานพระบารมี","367","25","26","0","29","447","1,065","39","42","554,433.00","0.00","554,433.00"
"11520  :  โรงพยาบาลค่ายสุรสีห์","0","0","0","0","0","0","0","0","0","0.00","0.00","0.00"
"14136  :  โรงพยาบาลศุกร์ศิริศรีสวัสดิ์","478","1","80","0","46","605","2,547","91","111","1,282,004.00","0.00","1,282,004.00"
"21948  :  โรงพยาบาลห้วยกระเจา เฉลิมพระเกียรติ 80 พรรษา","121","18","7","0","23","168","441","17","18","233,916.00","0.00","233,916.00"
"41701  :  โรงพยาบาลหนองปรือ","0","0","0","0","0","0","0","0","0","0.00","0.00","0.00"
"10678  :  โรงพยาบาลเจ้าพระยายมราช","7,399","1,854","531","6","186","9,886","14,346","496","545","17,952,869.75","11,146,447.00","6,806,422.75"
"10733  :  โรงพยาบาลสมเด็จพระสังฆราชองค์ที่17","814","111","67","0","1,611","2,601","5,284","462","513","5,625,700.75","3,626,316.00","1,999,384.75"
"11289  :  โรงพยาบาลเดิมบางนางบวช","249","248","41","1","45","582","1,107","46","48","860,341.00","585,294.00","275,047.00"
"11290  :  โรงพยาบาลด่านช้าง","90","18","33","0","19","160","390","27","31","432,926.00","272,642.00","160,284.00"
"11291  :  โรงพยาบาลบางปลาม้า","263","87","30","1","8","389","790","34","47","890,059.00","283,649.00","606,410.00"
"11292  :  โรงพยาบาลศรีประจันต์","182","53","14","0","19","267","629","38","48","463,943.50","250,098.00","213,845.50"
"11293  :  โรงพยาบาลดอนเจดีย์","354","47","29","0","12","434","1,301","85","92","1,077,066.00","527,588.00","549,478.00"
"11294  :  โรงพยาบาลสามชุก","472","123","26","0","51","672","1,644","28","30","1,134,198.00","569,086.00","565,112.00"
"11295  :  โรงพยาบาลอู่ทอง","864","115","63","3","60","1,105","2,988","178","198","2,979,454.16","1,069,982.00","1,909,472.16"
"11296  :  โรงพยาบาลหนองหญ้าไซ","65","171","14","0","4","254","542","30","34","339,029.00","178,931.00","160,098.00"
"12123  :  โรงพยาบาลวิภาวดี-ปิยราษฎร์","0","0","0","0","0","0","0","0","0","0.00","0.00","0.00"
"10679  :  โรงพยาบาลนครปฐม","539","83","35","0","9,093","9,490","17,722","1,874","2,049","18,556,737.00","1,782,043.00","16,774,694.00"
"11297  :  โรงพยาบาลกำแพงแสน","4,028","972","345","3","265","5,611","9,949","426","461","12,488,589.00","1,670,361.00","10,818,228.00"
"11298  :  โรงพยาบาลนครชัยศรี","613","187","124","0","20","943","2,177","57","65","1,248,980.00","632,423.00","616,557.00"
"11299  :  โรงพยาบาลห้วยพลู","7,006","1,212","307","1","664","9,190","15,084","335","357","6,095,478.50","1,829,631.00","4,265,847.50"
"11300  :  โรงพยาบาลดอนตูม","366","21","48","0","14","445","2,188","88","113","897,334.00","306,233.00","591,101.00"
"11301  :  โรงพยาบาลบางเลน","6,584","320","213","0","186","7,303","16,823","371","408","6,012,910.50","3,828,021.00","2,184,889.50"
"11302  :  โรงพยาบาลสามพราน","0","0","0","16","23,773","23,784","49,257","1,417","1,546","25,970,114.00","17,836,624.00","8,133,490.00"
"11303  :  โรงพยาบาลพุทธมณฑล","4,142","1,885","770","17","406","7,216","12,887","236","246","5,971,788.00","4,177,481.00","1,794,307.00"
"11473  :  โรงพยาบาลเมตตาประชารักษ์(วัดไร่ขิง)","0","0","0","0","0","0","0","0","0","0.00","0.00","0.00"
"11521  :  โรงพยาบาลจันทรุเบกษา","0","0","0","0","0","0","0","0","0","0.00","0.00","0.00"
"13819  :  โรงพยาบาลหลวงพ่อเปิ่น","1,401","592","124","0","371","2,485","5,405","34","40","3,836,056.50","2,005,890.00","1,830,166.50"
"10734  :  โรงพยาบาลสมุทรสาคร","157,567","6,941","3,962","24","612","169,028","266,956","12,193","13,035","324,452,415.89","93,706,592.17","230,745,823.72"
"11304  :  โรงพยาบาลกระทุ่มแบน","20,633","2,227","2,164","37","5,279","28,192","67,106","5,874","6,212","80,342,916.89","36,165,155.92","44,177,760.97"
"11305  :  โรงพยาบาลบ้านแพ้ว","0","0","0","0","0","0","0","0","0","0.00","0.00","0.00"
"12137  :  โรงพยาบาลทั่วไปขนาดเล็กเจษฎา","0","0","0","0","0","0","0","0","0","0.00","0.00","0.00"
"10735  :  โรงพยาบาลสมเด็จพระพุทธเลิศหล้า","14,606","580","396","7","159","15,744","16,612","564","615","45,758,703.94","0.00","45,758,703.94"
"11306  :  โรงพยาบาลนภาลัย","166","49","13","2","20","244","545","29","31","396,270.00","206,289.50","189,980.50"
"11307  :  โรงพยาบาลอัมพวา","72","23","13","0","24","132","395","11","11","150,256.50","78,161.50","72,095.00"
"10736  :  โรงพยาบาลพระจอมเกล้า","6,138","1,199","837","8","338","8,518","11,090","524","572","30,575,765.89","7,030,881.80","23,544,884.09"
"11308  :  โรงพยาบาลเขาย้อย","4,719","572","166","0","336","5,792","13,040","496","554","5,074,091.00","2,938,696.00","2,135,395.00"
"11309  :  โรงพยาบาลหนองหญ้าปล้อง","90","43","146","0","21","300","837","28","29","563,618.00","73,565.00","490,053.00"
"11310  :  โรงพยาบาลชะอำ","867","506","287","4","797","2,437","6,534","226","262","4,794,868.00","3,537,946.00","1,256,922.00"
"11311  :  โรงพยาบาลท่ายาง","493","181","351","1","99","1,125","3,140","91","104","2,422,910.00","1,227,136.00","1,195,774.00"
"11312  :  โรงพยาบาลบ้านลาด","200","34","15","1","23","273","507","17","17","276,060.00","152,329.00","123,731.00"
"11313  :  โรงพยาบาลบ้านแหลม","1,479","140","55","0","56","1,730","4,195","99","110","3,048,787.00","2,148,042.00","900,745.00"
"11314  :  โรงพยาบาลแก่งกระจาน","99","60","47","0","335","532","1,456","91","103","1,354,823.00","301,308.00","1,053,515.00"
"10737  :  โรงพยาบาลประจวบคีรีขันธ์","3,798","181","170","1","799","4,945","11,999","726","832","18,687,392.00","4,075,116.00","14,612,276.00"
"11315  :  โรงพยาบาลกุยบุรี","1,765","80","189","0","52","2,072","5,518","176","186","3,576,286.00","1,660,072.00","1,916,214.00"
"11316  :  โรงพยาบาลทับสะแก","1,115","55","106","1","413","1,687","4,313","264","335","5,584,146.00","2,769,880.00","2,814,266.00"
"11317  :  โรงพยาบาลบางสะพาน","5,722","403","115","1","2,422","8,653","17,346","1,090","1,263","17,252,982.34","10,336,816.00","6,916,166.34"
"11318  :  โรงพยาบาลบางสะพานน้อย","1,455","5","132","0","231","1,823","4,250","318","374","4,980,971.00","2,382,774.00","2,598,197.00"
"11319  :  โรงพยาบาลปราณบุรี","4,383","398","196","1","538","5,513","10,992","396","434","10,888,472.00","4,774,232.00","6,114,240.00"
"11320  :  โรงพยาบาลหัวหิน","3,716","646","469","12","3,124","7,957","22,644","1,072","1,260","51,538,110.21","30,069,885.49","21,468,224.72"
"11321  :  โรงพยาบาลสามร้อยยอด","1,993","100","150","0","50","2,258","5,748","213","237","3,544,232.00","1,875,779.00","1,668,453.00"
"11500  :  โรงพยาบาลกองบิน 5","0","0","0","0","0","0","0","0","0","0.00","0.00","0.00"
"11522  :  โรงพยาบาลค่ายธนะรัชต์","0","0","0","0","0","0","0","0","0","0.00","0.00","0.00"
"12471  :  สถานีกาชาดหัวหินเฉลิมพระเกียรติ","0","0","0","0","0","0","0","0","0","0.00","0.00","0.00"
"10680  :  โรงพยาบาลมหาราชนครศรีธรรมราช","1,665","182","189","11","158","2,181","4,277","286","309","10,399,957.00","5,593,022.00","4,806,935.00"
"11322  :  โรงพยาบาลพรหมคีรี","190","43","30","0","69","331","690","14","17","552,638.00","424,626.00","128,012.00"
"11324  :  โรงพยาบาลลานสะกา","33","20","27","0","45","125","321","10","11","236,562.25","149,622.00","86,940.25"
"11325  :  โรงพยาบาลสมเด็จพระยุพราชฉวาง","1,485","147","223","0","97","1,949","3,644","139","150","2,620,516.50","1,282,188.00","1,338,328.50"
"11326  :  โรงพยาบาลพิปูน","120","21","45","0","35","221","465","20","21","218,294.50","21,855.00","196,439.50"
"11327  :  โรงพยาบาลเชียรใหญ่","9","2","3","0","1","15","64","2","2","55,262.00","1,718.00","53,544.00"
"11328  :  โรงพยาบาลชะอวด","448","23","63","0","24","556","1,268","35","37","1,481,467.00","1,186,366.00","295,101.00"
"11329  :  โรงพยาบาลท่าศาลา","417","187","387","1","60","1,051","2,311","128","147","4,124,209.00","2,759,558.00","1,364,651.00"
"11330  :  โรงพยาบาลทุ่งสง","3,467","545","306","11","130","4,453","6,921","290","318","13,591,378.50","6,589,275.00","7,002,103.50"
"11331  :  โรงพยาบาลนาบอน","1,298","71","121","0","69","1,559","3,023","67","74","3,585,441.00","2,070,990.00","1,514,451.00"
"11332  :  โรงพยาบาลทุ่งใหญ่","842","25","93","1","895","1,856","3,607","104","110","1,985,604.00","415,710.00","1,569,894.00"
"11333  :  โรงพยาบาลปากพนัง","287","71","87","0","85","525","995","29","34","592,760.75","106,976.00","485,784.75"
"11334  :  โรงพยาบาลร่อนพิบูลย์","114","37","30","0","58","239","586","12","14","630,631.00","461,843.00","168,788.00"
"11335  :  โรงพยาบาลสิชล","2,672","307","431","0","79","3,486","7,430","442","513","14,488,628.00","9,032,997.00","5,455,631.00"
"11336  :  โรงพยาบาลขนอม","3,782","891","188","0","181","5,041","10,213","394","458","17,177,602.30","2,584,845.00","14,592,757.30"
"11337  :  โรงพยาบาลหัวไทร","165","93","115","0","73","446","695","24","27","468,716.00","140,350.00","328,366.00"
"11338  :  โรงพยาบาลบางขัน","606","71","50","0","17","743","1,492","35","48","2,007,862.00","1,496,698.00","511,164.00"
"11339  :  โรงพยาบาลถ้ำพรรณรา","931","78","197","0","22","1,228","2,704","44","50","2,646,266.00","1,802,845.00","843,421.00"
"11523  :  โรงพยาบาลค่ายวชิราวุธ","0","0","0","0","0","0","0","0","0","0.00","0.00","0.00"
"11660  :  โรงพยาบาลจุฬาภรณ์","92","0","19","0","18","129","333","9","10","480,053.00","334,784.00","145,269.00"
"12287  :  โรงพยาบาลส่งเสริมสุขภาพ ศูนย์อนามัยที่ 11","0","0","0","0","0","0","0","0","0","0.00","0.00","0.00"
"12472  :  สถานีกาชาดสิริธร (สถานีกาชาดที่ 12 ทุ่งสง)","0","0","0","0","0","0","0","0","0","0.00","0.00","0.00"
"14918  :  โรงพยาบาลค่ายเทพสตรีศรีสุนทร","0","0","0","0","0","0","0","0","0","0.00","0.00","0.00"
"21771  :  โรงพยาบาลเทศบาลนครนครศรีธรรมราช","0","0","0","0","0","0","0","0","0","0.00","0.00","0.00"
"40491  :  โรงพยาบาลเฉลิมพระเกียรติ","1","0","0","0","11","12","37","0","0","14,501.00","2,424.00","12,077.00"
"40492  :  โรงพยาบาลพ่อท่านคล้ายวาจาสิทธิ์","33","5","1","0","16","55","135","0","0","45,073.00","26,044.00","19,029.00"
"40742  :  โรงพยาบาลนบพิตำ","33","6","37","0","5","81","130","0","0","45,139.00","43,800.00","1,339.00"
"40743  :  โรงพยาบาลพระพรหม","7","2","1","0","91","101","283","0","0","90,005.00","10,184.00","79,821.00"
"40970  :  โรงพยาบาลศูนย์การแพทย์มหาวิทยาลัยวลัยลักษณ์","0","0","0","0","0","0","0","0","0","0.00","0.00","0.00"
"10738  :  โรงพยาบาลกระบี่","7,185","168","359","7","1,237","8,956","12,865","251","275","25,972,122.00","14,908,600.00","11,063,522.00"
"11340  :  โรงพยาบาลเขาพนม","105","4","4","0","9","116","260","17","23","423,421.00","264,099.00","159,322.00"
"11341  :  โรงพยาบาลเกาะลันตา","0","16","20","0","172","208","384","17","17","297,913.00","0.00","297,913.00"
"11342  :  โรงพยาบาลคลองท่อม","1,414","36","173","0","177","1,798","3,210","99","106","2,416,546.36","1,543,850.00","872,696.36"
"11343  :  โรงพยาบาลอ่าวลึก","430","32","122","0","29","601","1,231","68","74","1,167,511.00","708,144.00","459,367.00"
"11344  :  โรงพยาบาลปลายพระยา","386","24","73","0","20","503","849","42","43","752,032.00","568,846.00","183,186.00"
"11345  :  โรงพยาบาลลำทับ","894","31","76","0","50","1,050","2,437","67","74","1,649,183.00","960,949.00","688,234.00"
"11346  :  โรงพยาบาลเหนือคลอง","211","10","129","0","57","407","726","45","45","716,813.00","485,810.00","231,003.00"
"77753  :  โรงพยาบาลเกาะพีพี","1,031","11","6","6","2,704","3,750","5,626","34","36","6,328,885.00","5,823,857.00","505,028.00"
"10739  :  โรงพยาบาลพังงา","2,987","149","220","0","306","3,656","7,296","633","687","21,308,711.00","7,868,474.00","13,440,237.00"
"10740  :  โรงพยาบาลตะกั่วป่า","10,174","193","102","1","807","11,182","26,572","1,519","2,204","27,429,190.43","7,922,192.00","19,506,998.43"
"11347  :  โรงพยาบาลเกาะยาวชัยพัฒน์","630","121","80","0","570","1,401","2,466","67","75","1,450,974.88","7,001.00","1,443,973.88"
"11348  :  โรงพยาบาลกะปงชัยพัฒน์","750","0","3","0","37","789","1,970","83","89","1,840,647.45","662,463.62","1,178,183.83"
"11349  :  โรงพยาบาลตะกั่วทุ่ง","1,655","38","63","1","146","1,901","3,611","108","113","4,359,625.00","2,914,909.00","1,444,716.00"
"11350  :  โรงพยาบาลบางไทร","4,455","3","18","1","155","4,632","5,980","0","0","14,343,555.00","6,223,913.00","8,119,642.00"
"11352  :  โรงพยาบาลคุระบุรีชัยพัฒน์","3","19","16","0","2,000","2,000","4,233","189","205","5,015,225.52","2,994,805.51","2,020,420.01"
"11353  :  โรงพยาบาลทับปุด","2,019","5","122","0","105","2,251","3,517","51","53","1,694,197.99","40,027.00","1,654,170.99"
"11354  :  โรงพยาบาลท้ายเหมืองชัยพัฒน์","1,527","15","45","0","69","1,654","2,776","109","114","4,982,014.00","3,457,835.00","1,524,179.00"
"10741  :  โรงพยาบาลวชิระภูเก็ต","20,574","264","344","70","3,281","24,491","105,998","3,343","7,239","308,517,941.77","94,466,273.48","214,051,668.29"
"11355  :  โรงพยาบาลป่าตอง","8,620","134","134","155","10,950","19,991","32,461","675","699","39,702,690.00","31,419,054.00","8,283,636.00"
"11356  :  โรงพยาบาลถลาง","7,824","460","401","2","1,821","10,506","15,362","441","465","10,908,142.50","7,629,061.00","3,279,081.50"
"24678  :  โรงพยาบาลองค์การบริหารส่วนจังหวัดภูเก็ต","0","0","0","0","0","0","0","0","0","0.00","0.00","0.00"
"41436  :  โรงพยาบาลฉลอง","0","0","0","0","0","0","0","0","0","0.00","0.00","0.00"
"09192  :  โรงพยาบาลเกาะเต่า","0","0","0","0","0","0","0","0","0","0.00","0.00","0.00"
"10681  :  โรงพยาบาลสุราษฎร์ธานี","6,336","190","40","5","381","6,929","7,240","2,846","3,099","89,240,450.80","30,782,927.80","58,457,523.00"
"10742  :  โรงพยาบาลเกาะสมุย","8,507","978","737","31","3,857","14,102","27,688","1,991","2,184","84,315,571.00","47,737,805.00","36,577,766.00"
"11357  :  โรงพยาบาลกาญจนดิษฐ์","3,037","252","991","0","158","4,437","9,235","514","567","12,635,360.00","8,833,581.00","3,801,779.00"
"11358  :  โรงพยาบาลดอนสัก","950","4","130","0","51","1,122","3,729","82","88","2,855,719.05","2,171,462.00","684,257.05"
"11359  :  โรงพยาบาลเกาะพงัน","3,030","35","194","0","2,423","5,682","13,333","476","525","17,860,918.00","13,891,729.00","3,969,189.00"
"11360  :  โรงพยาบาลไชยา","3,250","37","376","0","46","3,708","6,326","395","424","11,750,152.10","9,835,412.00","1,914,740.10"
"11361  :  โรงพยาบาลท่าชนะ","1,957","29","176","0","11","2,164","3,980","180","204","8,145,510.00","5,727,478.00","2,418,032.00"
"11362  :  โรงพยาบาลคีรีรัฐนิคม","1,623","14","100","0","20","1,753","3,533","160","166","5,159,666.50","3,834,076.00","1,325,590.50"
"11363  :  โรงพยาบาลบ้านตาขุน","1,006","10","80","0","188","1,280","3,166","124","135","3,230,698.24","2,376,943.00","853,755.24"
"11364  :  โรงพยาบาลพนม","1,343","5","19","0","155","1,521","2,959","138","148","4,883,484.70","3,758,790.70","1,124,694.00"
"11365  :  โรงพยาบาลท่าฉาง","4,097","60","388","1","16","4,523","8,907","273","305","14,153,062.00","12,390,155.00","1,762,907.00"
"11366  :  โรงพยาบาลบ้านนาสาร","1,500","33","175","1","175","1,884","4,684","218","235","3,617,699.82","2,433,044.00","1,184,655.82"
"11367  :  โรงพยาบาลบ้านนาเดิม","1,215","5","72","0","71","1,362","3,565","123","132","1,707,674.00","867,452.00","840,222.00"
"11368  :  โรงพยาบาลเคียนซา","2,637","58","113","0","90","2,897","7,083","257","291","7,591,160.14","6,109,816.00","1,481,344.14"
"11369  :  โรงพยาบาลพระแสง","1,650","50","199","0","20","1,916","4,023","183","199","5,051,377.50","3,998,562.00","1,052,815.50"
"11370  :  โรงพยาบาลพุนพิน","1,813","76","388","1","107","2,384","5,399","243","281","5,499,256.25","4,156,915.00","1,342,341.25"
"11371  :  โรงพยาบาลชัยบุรี","308","29","131","0","44","511","1,088","37","42","1,484,832.00","1,166,113.00","318,719.00"
"11459  :  โรงพยาบาลสมเด็จพระยุพราชเวียงสระ","196","42","101","0","119","457","1,393","80","96","1,369,409.05","816,529.00","552,880.05"
"11654  :  โรงพยาบาลวิภาวดี","2,136","8","88","0","30","2,262","4,096","204","227","6,793,997.00","5,613,444.00","1,180,553.00"
"12289  :  โรงพยาบาลสวนสราญรมย์","0","0","0","0","0","0","0","0","0","0.00","0.00","0.00"
"14138  :  โรงพยาบาลท่าโรงช้าง","5,702","138","236","0","66","6,121","18,486","605","652","13,541,249.85","11,546,071.00","1,995,178.85"
"14203  :  โรงพยาบาลมะเร็งสุราษฎร์ธานี","0","0","0","0","0","0","0","0","0","0.00","0.00","0.00"
"14862  :  โรงพยาบาลกองบิน7","0","0","0","0","0","0","0","0","0","0.00","0.00","0.00"
"14901  :  โรงพยาบาลค่ายวิภาวดีรังสิต","0","0","0","0","0","0","0","0","0","0.00","0.00","0.00"
"40915  :  สถาบันสุขภาพจิตเด็กและวัยรุ่นภาคใต้","0","0","0","0","0","0","0","0","0","0.00","0.00","0.00"
"10743  :  โรงพยาบาลระนอง","93,306","91","79","1","3,181","96,644","145,612","4,195","4,653","75,407,990.30","23,556,661.00","51,851,329.30"
"11323  :  โรงพยาบาลละอุ่น","2,641","0","9","0","35","2,684","5,043","184","201","8,490,763.00","6,399,617.00","2,091,146.00"
"11372  :  โรงพยาบาลกะเปอร์","1,417","2","4","0","97","1,520","4,031","103","109","4,777,145.00","3,457,841.00","1,319,304.00"
"11373  :  โรงพยาบาลกระบุรี","9,802","3","30","0","194","10,019","18,659","782","845","43,218,197.00","31,762,192.00","11,456,005.00"
"11374  :  โรงพยาบาลสุขสำราญ","628","1","3","0","291","923","2,669","103","135","3,217,392.00","1,714,140.00","1,503,252.00"
"10744  :  โรงพยาบาลชุมพรเขตรอุดมศักดิ์","9,181","128","559","0","336","10,183","17,217","1,640","1,759","78,646,361.78","35,247,632.79","43,398,728.99"
"11375  :  โรงพยาบาลปากน้ำชุมพร","8,907","461","205","0","27","9,561","23,150","379","401","24,056,725.00","20,978,389.00","3,078,336.00"
"11376  :  โรงพยาบาลท่าแซะ","1,754","32","437","0","57","2,274","6,796","159","180","4,920,744.00","3,422,616.50","1,498,127.50"
"11377  :  โรงพยาบาลปะทิว","1,414","32","451","0","44","1,929","3,746","170","184","6,133,688.00","5,200,092.00","933,596.00"
"11378  :  โรงพยาบาลมาบอำมฤต","3,199","33","1,147","0","95","4,465","10,306","410","442","16,466,389.00","11,577,623.00","4,888,766.00"
"11379  :  โรงพยาบาลหลังสวน","5,760","161","267","6","793","6,883","11,265","673","747","26,731,488.00","19,144,406.00","7,587,082.00"
"11380  :  โรงพยาบาลปากน้ำหลังสวน","2,270","32","30","0","51","2,382","4,065","87","104","7,344,082.00","6,572,826.00","771,256.00"
"11381  :  โรงพยาบาลละแม","3,429","8","221","0","39","3,693","8,156","165","174","12,977,191.00","10,910,636.00","2,066,555.00"
"11382  :  โรงพยาบาลพะโต๊ะ","1,221","19","19","0","73","1,331","2,882","71","72","4,393,786.75","3,878,973.00","514,813.75"
"11383  :  โรงพยาบาลสวี","669","12","101","0","52","833","2,428","87","94","3,455,988.00","2,671,522.00","784,466.00"
"11385  :  โรงพยาบาลทุ่งตะโก","1,385","36","165","0","75","1,661","3,007","89","96","5,444,414.00","4,872,980.00","571,434.00"
"11525  :  โรงพยาบาลค่ายเขตอุดมศักดิ์","0","0","0","0","0","0","0","0","0","0.00","0.00","0.00"
"10682  :  โรงพยาบาลหาดใหญ่","4,552","643","235","0","245","5,669","17,246","1,090","1,171","26,870,074.00","6,439,772.00","20,430,302.00"
"10745  :  โรงพยาบาลสงขลา","5,412","1,479","141","19","1,380","8,428","18,206","892","1,010","18,644,926.57","8,050,318.00","10,594,608.57"
"11386  :  โรงพยาบาลสทิงพระ","37","10","9","0","30","86","140","5","5","140,315.50","110,533.00","29,782.50"
"11387  :  โรงพยาบาลจะนะ","511","274","79","0","72","936","2,048","76","95","1,566,793.00","624,109.00","942,684.00"
"11388  :  โรงพยาบาลสมเด็จพระบรมราชินีนาถ ณ  อำเภอนาทวี","1,414","111","222","0","249","1,994","4,088","271","294","5,793,453.00","3,354,009.00","2,439,444.00"
"11390  :  โรงพยาบาลเทพา","858","41","85","0","82","1,066","2,221","108","124","2,565,433.00","1,740,011.00","825,422.00"
"11391  :  โรงพยาบาลสะบ้าย้อย","598","56","63","1","149","866","1,980","89","95","3,401,264.00","1,664,515.00","1,736,749.00"
"11392  :  โรงพยาบาลระโนด","306","27","17","0","26","376","808","34","39","297,083.00","262,772.00","34,311.00"
"11393  :  โรงพยาบาลกระแสสินธุ์","21","1","4","0","1","27","64","3","3","52,215.00","24,255.00","27,960.00"
"11394  :  โรงพยาบาลรัตภูมิ","421","156","28","0","895","1,500","3,206","116","126","2,270,889.00","1,365,805.00","905,084.00"
"11395  :  โรงพยาบาลสะเดา","3,387","592","439","4","616","5,036","12,730","432","458","7,815,684.00","4,262,837.00","3,552,847.00"
"11396  :  โรงพยาบาลนาหม่อม","1,548","67","50","0","63","1,727","3,310","51","54","1,911,515.50","1,334,032.00","577,483.50"
"11397  :  โรงพยาบาลควนเนียง","352","97","19","0","27","495","1,213","17","19","581,673.00","364,616.00","217,057.00"
"11398  :  โรงพยาบาลปาดังเบซาร์","2,134","155","307","0","437","3,032","5,841","171","188","3,347,019.00","185,581.00","3,161,438.00"
"11399  :  โรงพยาบาลบางกล่ำ","2,503","834","51","0","93","3,481","6,239","90","97","4,077,435.88","2,866,201.00","1,211,234.88"
"11400  :  โรงพยาบาลสิงหนคร","503","1,238","50","0","40","1,831","2,654","29","32","4,974,711.00","4,081,863.00","892,848.00"
"11401  :  โรงพยาบาลคลองหอยโข่ง","1,004","52","149","0","52","1,255","3,022","131","148","1,961,364.50","922,503.00","1,038,861.50"
"12290  :  โรงพยาบาลจิตเวชสงขลาราชนครินทร์","0","0","0","0","0","0","0","0","0","0.00","0.00","0.00"
"14194  :  โรงพยาบาลธัญญารักษ์สงขลา","0","0","0","0","0","0","0","0","0","0.00","0.00","0.00"
"10746  :  โรงพยาบาลสตูล","1,515","118","75","0","695","2,309","4,376","257","277","7,269,925.75","4,254,360.00","3,015,565.75"
"11402  :  โรงพยาบาลควนโดน","16","39","3","0","17","75","151","1","1","51,334.00","20,560.00","30,774.00"
"11403  :  โรงพยาบาลควนกาหลง","115","153","89","0","8","364","825","22","22","580,140.33","438,988.70","141,151.63"
"11404  :  โรงพยาบาลท่าแพ","112","59","25","0","15","211","410","10","10","447,654.00","305,025.00","142,629.00"
"11405  :  โรงพยาบาลละงู","650","29","12","0","11","697","2,595","40","102","1,767,158.50","397,284.00","1,369,874.50"
"11406  :  โรงพยาบาลทุ่งหว้า","156","38","13","0","19","226","427","10","11","210,499.89","50,557.26","159,942.63"
"28786  :  โรงพยาบาลมะนัง","63","7","24","0","2","96","234","8","10","181,075.00","127,721.00","53,354.00"
"10683  :  โรงพยาบาลตรัง","2,319","463","237","0","309","3,324","7,157","592","675","16,829,789.22","4,661,175.00","12,168,614.22"
"11407  :  โรงพยาบาลกันตัง","2,311","288","123","0","66","2,788","5,724","152","179","3,771,885.00","397,100.00","3,374,785.00"
"11408  :  โรงพยาบาลย่านตาขาว","382","13","39","0","26","458","1,194","43","52","940,473.25","352,833.00","587,640.25"
"11409  :  โรงพยาบาลปะเหลียน","223","2","274","0","42","541","1,154","39","48","850,460.00","183,262.00","667,198.00"
"11410  :  โรงพยาบาลสิเกา","1,822","124","45","0","74","2,064","3,989","94","105","3,128,356.00","0.00","3,128,356.00"
"11411  :  โรงพยาบาลห้วยยอด","1,502","2","144","0","285","1,932","3,794","174","205","3,209,451.25","1,881,049.41","1,328,401.84"
"11412  :  โรงพยาบาลวังวิเศษ","580","6","64","0","9","649","1,773","64","69","1,129,461.00","101,209.00","1,028,252.00"
"11413  :  โรงพยาบาลนาโยง","1,360","213","32","0","39","1,644","1,875","29","44","2,124,535.00","718,378.00","1,406,157.00"
"12226  :  โรงพยาบาลวัฒนแพทย์","0","0","0","0","0","0","0","0","0","0.00","0.00","0.00"
"12230  :  โรงพยาบาล ทีอาร์พีเอช โรงพยาบาลทั่วไปขนาดใหญ่","0","0","0","0","0","0","0","0","0","0.00","0.00","0.00"
"13755  :  โรงพยาบาลโรคผิวหนังเขตร้อนภาคใต้ จังหวัดตรัง","0","0","0","0","0","0","0","0","0","0.00","0.00","0.00"
"14139  :  โรงพยาบาลรัษฎา","650","34","94","0","24","802","1,253","40","48","703,730.00","82,677.00","621,053.00"
"28817  :  โรงพยาบาลหาดสำราญเฉลิมพระเกียรติ 80 พรรษา","52","1","6","0","2","61","110","1","1","79,790.00","46,207.00","33,583.00"
"10747  :  โรงพยาบาลพัทลุง","123","32","63","2","1,148","1,360","2,837","438","455","7,584,488.00","2,340,840.00","5,243,648.00"
"11414  :  โรงพยาบาลกงหรา","73","0","45","1","9","128","258","4","4","138,091.00","36,835.00","101,256.00"
"11415  :  โรงพยาบาลเขาชัยสน","17","4","32","0","65","116","272","7","7","161,410.58","76,755.50","84,655.08"
"11416  :  โรงพยาบาลตะโหมด","88","11","85","0","18","202","425","11","11","208,429.00","151,880.00","56,549.00"
"11417  :  โรงพยาบาลควนขนุน","15","12","29","0","113","167","342","10","11","254,826.00","81,098.00","173,728.00"
"11418  :  โรงพยาบาลปากพะยูน","44","75","35","0","20","174","267","4","5","124,151.00","0.00","124,151.00"
"11419  :  โรงพยาบาลศรีบรรพต","3","6","10","0","47","66","122","2","2","72,413.25","16,941.50","55,471.75"
"11420  :  โรงพยาบาลป่าบอน","30","10","15","0","26","81","170","2","2","87,245.00","51,803.00","35,442.00"
"11421  :  โรงพยาบาลบางแก้ว","10","0","10","0","13","33","142","5","7","79,419.50","34,245.00","45,174.50"
"11422  :  โรงพยาบาลป่าพะยอม","75","10","32","0","7","122","303","12","14","229,612.75","127,392.00","102,220.75"
"24673  :  โรงพยาบาลศรีนครินทร์(ปัญญานันทภิขุ)","136","19","37","0","111","302","525","15","17","274,574.25","86,622.00","187,952.25"
"10748  :  โรงพยาบาลปัตตานี","3,964","3,062","307","1","236","7,566","15,028","555","646","25,011,303.00","14,843,348.00","10,167,955.00"
"11423  :  โรงพยาบาลโคกโพธิ์","338","256","33","0","24","651","876","14","15","416,475.00","275,324.00","141,151.00"
"11424  :  โรงพยาบาลหนองจิก","814","443","41","0","146","1,444","1,815","25","29","1,263,690.50","914,959.27","348,731.23"
"11425  :  โรงพยาบาลปะนาเระ","115","59","12","0","1","187","353","2","2","325,210.00","171,299.00","153,911.00"
"11426  :  โรงพยาบาลมายอ","4","7","0","0","235","245","716","100","108","448,133.00","37,667.00","410,466.00"
"11427  :  โรงพยาบาลทุ่งยางแดง","21","0","0","0","2","23","97","6","6","41,986.00","13,251.00","28,735.00"
"11428  :  โรงพยาบาลไม้แก่น","7","0","0","0","8","15","26","1","1","7,520.00","0.00","7,520.00"
"11429  :  โรงพยาบาลยะหริ่ง","208","569","40","0","28","838","1,027","18","18","1,811,191.00","1,704,217.00","106,974.00"
"11430  :  โรงพยาบาลยะรัง","13","4","0","0","17","34","93","4","4","42,262.35","8,419.10","33,843.25"
"11431  :  โรงพยาบาลแม่ลาน","14","23","3","0","24","64","154","7","8","65,691.00","26,467.00","39,224.00"
"11460  :  โรงพยาบาลสมเด็จพระยุพราชสายบุรี","77","566","11","0","44","677","1,068","60","62","825,518.79","16,835.00","808,683.79"
"11464  :  โรงพยาบาลกะพ้อ","6","0","0","0","0","6","23","1","1","13,168.00","330.00","12,838.00"
"11529  :  โรงพยาบาลค่ายอิงคยุทธบริหาร","0","0","0","0","0","0","0","0","0","0.00","0.00","0.00"
"14195  :  โรงพยาบาลธัญญรักษ์ปัตตานี","0","0","0","0","0","0","0","0","0","0.00","0.00","0.00"
"10684  :  โรงพยาบาลยะลา","4,114","170","47","2","428","4,761","10,315","306","373","9,270,597.90","1,397,055.00","7,873,542.90"
"10749  :  โรงพยาบาลเบตง","168","30","36","1","286","517","1,995","86","105","1,655,152.00","532,752.00","1,122,400.00"
"11432  :  โรงพยาบาลบันนังสตา","127","4","1","0","53","185","390","14","15","207,603.00","0.00","207,603.00"
"11433  :  โรงพยาบาลธารโต","70","12","7","0","21","110","294","12","13","167,021.00","90,477.00","76,544.00"
"11434  :  โรงพยาบาลรามัน","66","1","1","0","31","99","195","11","13","104,952.00","10,402.00","94,550.00"
"11461  :  โรงพยาบาลสมเด็จพระยุพราชยะหา","62","1","2","1","234","300","528","127","134","446,777.00","0.00","446,777.00"
"12238  :  โรงพยาบาลสิโรรส","0","0","0","0","0","0","0","0","0","0.00","0.00","0.00"
"13806  :  โรงพยาบาลกาบัง","138","3","10","0","8","159","390","18","21","294,746.00","117,287.00","177,459.00"
"14663  :  โรงพยาบาลส่งเสริมสุขภาพ ศูนย์อนามัยที่ 12","0","0","0","0","0","0","0","0","0","0.00","0.00","0.00"
"24689  :  โรงพยาบาลกรงปินัง","18","0","0","0","29","46","78","16","17","64,866.00","0.00","64,866.00"
"10750  :  โรงพยาบาลนราธิวาสราชนครินทร์","1,222","157","181","35","1,604","3,195","7,542","357","385","6,767,723.16","2,549,535.20","4,218,187.96"
"10751  :  โรงพยาบาลสุไหงโก-ลก","690","167","195","0","380","1,431","4,275","205","223","5,535,334.00","3,456,934.00","2,078,400.00"
"11435  :  โรงพยาบาลตากใบ","169","65","18","0","169","419","842","49","52","513,078.40","197,522.00","315,556.40"
"11436  :  โรงพยาบาลบาเจาะ","6","2","2","0","25","35","65","5","5","33,093.00","11,634.00","21,459.00"
"11437  :  โรงพยาบาลระแงะ","54","3","10","0","36","103","279","15","16","182,302.00","92,601.00","89,701.00"
"11438  :  โรงพยาบาลรือเสาะ","197","19","0","0","22","238","520","19","29","280,294.00","149,935.00","130,359.00"
"11439  :  โรงพยาบาลศรีสาคร","19","3","1","0","6","29","81","5","7","40,398.00","7,765.00","32,633.00"
"11440  :  โรงพยาบาลแว้ง","84","5","4","0","49","141","203","8","9","123,636.00","68,083.00","55,553.00"
"11441  :  โรงพยาบาลสุคิริน","5","1","9","0","16","31","92","5","5","38,629.00","21,397.00","17,232.00"
"11442  :  โรงพยาบาลสุไหงปาดี","132","0","4","0","47","183","360","13","14","91,273.00","68,543.00","22,730.00"
"13818  :  โรงพยาบาลจะแนะ","1","1","0","0","208","210","458","8","11","120,053.00","13,077.00","106,976.00"
"15010  :  โรงพยาบาลเจาะไอร้อง","7","0","1","0","15","23","36","0","0","7,727.00","7,126.00","601.00"
"23771  :  โรงพยาบาลยี่งอเฉลิมพระเกียรติ 80 พรรษา","29","0","5","0","40","74","190","9","10","60,472.00","30,806.00","29,666.00"